    0   40    65   253        184     139.72       2.05       1.30
    0   40   275   397        151     104.55       2.33       1.42
    0   40   318   215       5052    2616.62       3.93       1.93
    0   40   365   210      20803   10670.50       4.70       1.95
    0   40   387   456         15       8.70       2.19       1.47
    0   40   422   446         92      53.51       3.10       1.66
    0   40   728   106       4870    2235.07       4.92       2.18
    0   40   797   184        320     162.95       4.16       1.94
    0   40  1017    64        876     629.98       2.22       1.39
    1   39    14    77        156     100.30       2.36       1.53
    1   39     2   492        708     649.31       1.12       1.09
    1   39    77    27         37      20.82       2.77       1.64
    1   39    70   328        162     115.21       2.08       1.39
    1   39   281   422      10021    7335.15       2.05       1.37
    1   39   414   482      12168    7991.75       2.41       1.52
    1   39   435   455        128      84.48       2.70       1.48
    1   39   462   409         38      20.65       3.12       1.69
    1   39   585    48        201      88.05       5.48       2.22
    1   39   585   444         31      17.14       2.82       1.64
    1   39   671    75       1813     873.34       4.56       2.07
    1   39   673   399        631     413.66       2.58       1.52
    1   39   755   219         49      28.44       3.02       1.62
    1   39   791   282       1812    1139.40       2.80       1.59
    1   39   891   153       1061     696.78       2.50       1.52
    1   39   864   207      60423   40258.26       2.29       1.50
    1   39   929    54        124      91.02       1.89       1.34
    2   42    31   424         17      12.29       1.81       1.24
    2   42    95    23      11279    6203.02       3.41       1.82
    2   42   171   330        256     136.82       3.67       1.84
    2   42   200    84       1450     626.51       5.81       2.31
    2   42   242   357        113      55.05       4.21       1.98
    2   42   463   462       1890     967.31       4.22       1.95
    2   42   608   105        818     283.49       8.91       2.85
    2   42   708   244        142      53.70       6.90       2.52
    2   42   939   172       3481    1720.71       4.42       2.02
    3   41   259   175        335     121.57       8.38       2.69
    3   41   611   107        860     289.34      10.16       2.94
    3   41   786   403      23999   13314.40       3.50       1.80
    4   44     5   260      13856    7102.73       3.18       1.95
    4   44    50   333       1958    1039.93       3.57       1.88
    4   44   253     9        420     118.07      11.40       3.46
    4   44   229   155         52      13.65      10.85       3.01
    4   44   468   141       1288     318.28      17.82       3.99
    4   44   991   110        185      61.83       8.32       2.86
    5   43    80     7       9674    3079.41       9.58       3.14
    5   43    65   482      16046    8446.26       4.24       1.90
    5   43   240   247         45       9.53      12.83       3.38
    5   43   298   498         57      17.74       7.61       2.78
    5   43   398   242         67      12.47      17.83       3.94
    5   43   469    55     695999  166177.34      21.51       4.19
    5   43   545   229        109      21.76      17.63       4.20
    5   43   583   139       3008     713.66      20.65       4.19
    5   43   660     1       1247     262.57      19.23       4.68
    5   43   658    95        178      38.46      18.69       4.14
    5   43   673   161        117      25.55      15.86       3.96
    5   43   703   412         79      23.55       9.71       2.94
    5   43   703   414         54      15.05       9.71       2.94
    5   43   703   415         49      13.35       9.71       2.94
    5   43   703   416         32       8.29       8.44       2.84
    5   43   717    20         95      18.30      16.13       4.31
    5   43   728    74       1482     368.56      16.09       3.98
    5   43   704   413         39      10.31       9.09       2.90
    5   43   704   415         44      12.03       9.09       2.90
    5   43   712   505         96      37.64       6.30       2.38
    5   43   758   201         79      19.91      12.70       3.33
    5   43   757   276        375     116.23      10.83       3.13
    5   43   803   338       1888     715.44       7.88       2.63
    5   43   933    55         44      16.58       5.93       2.30
    5   43   996   223        180      92.80       4.00       1.90
    6   46    50   273         74      27.98       6.15       2.43
    6   46    80   383        540     217.24       6.50       2.46
    6   46   157   419        536     196.42       7.25       2.69
    6   46   299   242         81      14.59      19.38       4.22
    6   46   348   128        740     135.38      26.22       5.27
    6   46   497   267       1344     271.89      27.07       4.84
    6   46   503   333       7383    1616.92      22.86       4.55
    6   46   534   388         91      17.73      19.06       4.06
    6   46   817    67        533      98.85      24.65       5.14
    6   46   870    36         74      12.72      20.26       4.22
    6   46   958   348       3325    1035.88      11.99       3.20
    7   45   437   254         80       9.47      29.74       5.31
    7   45   673   297        464     108.76      20.62       4.08
    7   45   674   297        318      72.94      20.62       4.08
    9   47   763    11      46700    5148.46      44.68       9.06
   10   50     2   131       9239    2305.56      15.45       4.00
   10   50    28   389        686     218.27      10.36       3.10
   10   50    33    53        131      26.60      19.86       4.18
   10   50   187   500         67      12.68      15.70       4.04
   10   50   501   507       1088     175.49      35.86       6.00
   10   50   535   118        779      58.48     104.53      11.53
   10   50   538   437        656      83.52      51.02       7.24
   10   50   724   166       1294     127.69      81.85       9.49
   10   50   772   184        627      65.89      72.14       8.42
   10   50   865   422        121      16.45      30.26       5.51
   10   50  1008   265        298      40.40      22.14       6.83
   12   52    12   200       2836     677.09      15.80       4.17
   13   51   311   194       1785     135.21     120.59      12.31
   13   51   967   328      11090    2585.18      16.68       4.28
   14   54   215   351       1095     127.16      56.90       8.16
   14   54   514     7       1706      39.80     235.86      36.94
   14   54   736    79       1245      65.08     183.32      16.31
   14   54   740   428       2573     225.63      88.73      11.01
   15   53    23    90      14928    1538.57      61.21       9.66
   15   53   232   328        902      63.71     116.78      12.32
   15   53   862     9       1174      67.83      84.79      16.06
   16   38   211    35       6763     455.72     127.45      14.56
   16   38   865   136       2424     164.73     136.80      13.88
   18   36   213    28       1339      66.25     110.27      18.55
   18   36   377   495        962      88.20      56.63      10.27
   18   36   400   345       1006      56.94     145.40      15.11
   18   36   530   141      59236    2806.78     260.83      21.01
   18   36   763   443        990      82.21      93.70      10.90
   19   37   198   142       5173     321.93     180.05      15.51
   19   37   634   198       2768     119.81     263.50      20.90
   20   32   156   113         41      24.37       2.71       1.57
   20   32   144   383         38      28.21       1.74       1.29
   20   32   273   445     106037   67787.42       2.59       1.56
   20   32   420   415         28      10.27       4.63       2.28
   20   32   767    88         31       8.40       8.33       2.70
   20   32   970   461       1270    1224.50       1.20       1.04
   21   35    31   454          9       8.64       0.89       0.94
   21   35   410   317        282     107.24       7.12       2.56
   21   35   459   228        216      74.25       8.96       2.79
   21   35  1000   312          7       8.42       0.63       0.76
   21   35  1013   438          7       8.36       0.64       0.76
   22   34   504   376     128015   14170.96      76.58       9.03
   23   33   191    93       1389     147.25      74.91       8.92
   23   33   316   305      18263    1878.11      77.80       9.68
   23   33   731   471      23256    4057.80      27.81       5.72
   23   33   954    14        120      20.26      19.72       4.95
   24   64   225   333        195     148.03       1.92       1.30
   24   64   863   174         21      15.24       1.83       1.26
   25   63   269    30        169     100.65       2.74       1.65
   25   63   533   308        188     108.65       3.47       1.70
   25   63   623   142         26      11.93       3.93       1.85
   25   63   848   347        995     719.87       1.98       1.38
   25   63   873    14         31      17.87       2.71       1.58
   25   63   956   220        120      80.67       2.20       1.46
   25   63   948   441       1054     924.32       1.39       1.14
   26   66    23   195        415     253.02       2.89       1.63
   26   66    75   178         52      25.36       4.15       1.89
   26   66   172   203         87      38.38       5.05       2.14
   26   66   232    54      16158    7331.07       6.02       2.20
   26   66   355   274         28       9.98       6.00       2.20
   26   66   479   420        101      45.33       3.97       2.14
   26   66   458   473         29      12.56       3.71       2.01
   26   66   567   197         90      33.37       6.74       2.49
   26   66   614    35         71      24.44       7.60       2.59
   26   66   803   506         20      12.71       2.08       1.41
   26   66   846   233        273     160.85       3.37       1.68
   28   68     8   218       3259    1515.09       4.89       2.15
   28   68   136   419        663     307.50       4.98       2.14
   28   68   239   140         71      17.43      11.50       3.41
   28   68   273   168         65      17.21      11.53       3.11
   28   68   261   464         27       8.77       6.19       2.37
   28   68   289   467       1332     561.80       6.50       2.36
   28   68   415   113       1504     404.74      14.77       3.68
   28   68   465   150        388     102.13      14.70       3.66
   28   68   448   473        167      63.72       6.96       2.51
   28   68   554   253       1013     273.16      13.17       3.66
   28   68   583   329      59417   20233.93      10.12       2.94
   28   68   622    18       2216     506.93      15.95       4.34
   28   68   611   139     111044   30277.14      14.22       3.67
   28   68   689   136       5079    1500.65      12.35       3.38
   28   68   688   374         49      16.82       7.27       2.48
   28   68   709     2         47       9.36      11.89       3.75
   28   68   728   329         37       9.87       7.87       2.95
   28   68   758   479        249     113.25       5.53       2.15
   28   68   778    72      11465    4095.01       8.96       2.80
   28   68   836    67       4426    1717.01       7.60       2.57
   28   68   844   220        984     425.75       6.79       2.30
   28   68   894    13        419     162.93       6.73       2.53
   28   68   902   331        232     111.98       4.22       2.03
   28   68   919   482        318     220.65       2.46       1.43
   28   68   954   158        686     372.32       4.29       1.83
   28   68   930   166        507     259.10       4.38       1.94
   28   68   958   316       1783     969.82       3.69       1.83
   28   68   990   183        106      51.63       4.21       1.97
   28   68   965   429         32      17.17       3.24       1.68
   28   68   986   445        347     205.17       3.24       1.68
   28   68  1005   128        457     244.35       3.70       1.86
   29   67    96    83       1559     718.40       5.02       2.16
   29   67   138   492      26530   16219.72       2.70       1.64
   29   67   291   285         41      11.27       8.88       2.85
   29   67   672   114       1092     328.70      12.38       3.28
   29   67   694   426        100      35.40       7.04       2.63
   29   67   716   458         36      11.55       6.49       2.55
   29   67   991   425        203     113.73       4.09       1.75
   30   70   160     0       3680     855.57      11.64       4.29
   30   70   332   409        105      25.51      13.43       3.59
   30   70   524   196        912     195.87      23.94       4.53
   31   69    37    84       1645     667.37       6.63       2.45
   31   69   130   269         40      11.64       8.32       2.72
   31   69   167   245       1182     399.27       9.90       2.94
   31   69   298   312         60       9.82      13.13       4.78
   32   72    23   113     107109   25692.71      17.69       4.17
   32   72     2   281       9525    2490.89      15.07       3.82
   32   72    39   439       8439    2507.19      11.03       3.36
   32   72    56   500      12850    4674.84       9.15       2.75
   32   72   101   305        187      34.22      21.97       4.82
   32   72   129   295        220      42.28      24.56       4.62
   32   72   148   480        108      28.89      12.54       3.30
   32   72   202   464         61      11.64      17.22       3.76
   32   72   247   388        187      33.88      23.67       4.82
   32   72   252   414        382      74.32      23.67       4.82
   32   72   297    42       1697     257.60      47.78       6.40
   32   72   294   365        113      16.48      28.93       5.10
   32   72   365   501        224      46.49      18.87       4.41
   32   72   468    69        853     103.18      56.38       7.72
   32   72   483   169       7335    1055.25      53.53       6.90
   32   72   548   492      27610    6646.48      18.13       4.15
   32   72   682   165        187      21.18      42.66       6.81
   32   72   834    37        757     152.16      24.95       4.81
   32   72   841   308         52       9.13      17.41       3.79
   32   72   901   188       4721    1193.03      16.06       3.94
   32   72   909   400        400     131.32      10.13       2.97
   32   72   936    61        363     100.73      14.61       3.46
   32   72   930   105       1771     501.37      14.04       3.50
   32   72  1009   136       2615     863.52       9.87       3.02
   33   71   774   395         96      13.12      17.48       5.98
   33   71   911   409         78      17.13      12.44       3.83
   34   74   817     2     106157    9035.07      32.55      11.75
   34   74   817     3        405      31.71      32.55      11.75
   34   74   817     4        841      68.83      32.55      11.75
   34   74   817     5       1102      91.05      32.55      11.75
   34   74   817     6      11133     945.05      32.55      11.75
   34   74   988   269        285      85.01      11.71       3.21
   35   73    28   235       5040    1536.39      10.23       3.27
   35   73   290   337        903     156.56      31.10       5.57
   36   76     9    69        474      63.95      40.93       6.77
   36   76    42   374        172      25.77      31.18       5.47
   36   76    75   127        284      27.92      58.62       8.07
   36   76   155    13        875      60.33      78.64      13.20
   36   76   226   319       9364     916.45      80.69      10.13
   36   76   244   364       4468     520.08      65.56       8.46
   36   76   259   255        267      15.76      98.66      10.68
   36   76   311   419        569      62.97      57.32       8.13
   36   76   345   109        532      31.64     129.91      12.71
   36   76   347   224      43272    3934.81     114.08      10.97
   36   76   367   155        454      24.64     134.90      12.95
   36   76   421   379       4219     375.50      88.71      11.00
   36   76   466    54       1899     125.50     149.89      13.94
   36   76   452   362        979      89.74      88.47       9.92
   36   76   568   438       2947     338.29      64.37       8.52
   36   76   753   166       2434     240.74      85.74       9.75
   36   76   768   346      47752    6888.10      49.96       6.93
   36   76  1022    56         64       9.51      19.30       4.70
   37   75    31   493         59      19.46       7.09       2.67
   37   75    74    22        166      22.54      28.15       6.12
   37   75    64   256        113      19.53      21.00       4.71
   37   75   235    40        195      12.45      72.96       9.80
   37   75   341   307        271      23.88      67.26       8.53
   37   75   637    41        235       8.23     122.73      13.64
   37   75   646    87       3519     263.23     116.48      12.93
   37   75   723   411        145      10.44      58.05       8.33
   37   75   809    56        461      36.79      87.65      10.15
   37   75   985   318       2568     422.99      31.20       6.00
   39   77   542   123     177578   11708.09     176.00      15.15
   39   77   690   357       1225     101.17      97.23      11.15
   39   77   841   352       2698     293.66      67.99       8.96
   41   79    81   473       2161     558.34      16.17       3.84
   41   79   450   509       3279     302.64      71.26      10.60
   42   60   230   423        214       9.33     104.60      11.73
   42   60   390   468        233       9.26     112.12      13.06
   42   60   561   351        493      14.73     217.52      18.70
   42   60   698   358        260       8.16     137.44      15.02
   42   60   826   511       1023     147.86      35.50       6.68
   42   60   905   233        128       9.31      53.54       8.00
   43   61    48   244        852     148.93      25.55       5.55
   43   61    77   297        134      19.04      28.58       5.54
   43   61    99   126        181      15.31      54.11       8.29
   43   61   280   162       1068      55.34     152.08      16.55
   43   61   272   297        258      11.92     105.88      12.76
   43   61   306   234        361      13.40     151.42      15.64
   43   61   369   196       1377      55.09     210.99      21.16
   43   61   632   171       1191      42.89     264.06      21.61
   43   61   955   480       3484     483.02      36.65       7.14
   43   61   962   379       1822     114.36      52.38      15.47
   44   56    41   117        277      66.72      15.11       3.93
   44   56    63   477        109      47.84       4.95       2.17
   44   56    88   218        110      22.26      16.99       4.18
   44   56   216   451         42       8.68      11.60       3.50
   44   56   237   321     269768   54802.67      24.66       4.92
   44   56   271   126        187      13.43      38.44      11.06
   44   56   272   259        189      18.01      29.47       8.86
   44   56   287   284        152      13.83      29.47       8.86
   44   56   259   393        392      61.51      18.38       6.07
   44   56   283   496       1356     364.30       9.68       3.70
   44   56   326    11        137       9.65      47.38       9.29
   44   56   380   185        117      10.67      47.65       6.50
   44   56   454   394        393      80.13      24.43       4.60
   44   56   499   204       1104     146.36      52.96       7.18
   44   56   532    63        266      15.64      67.02      12.73
   44   56   542   343        502      79.01      34.09       5.92
   44   56   625   246        196      22.64      42.66       6.77
   44   56   639   438        160      32.14      18.67       4.40
   44   56   621   494         83      20.45      11.43       3.50
   44   56   640   280      11932    2043.05      34.54       5.82
   44   56   741   125        177      26.33      30.73       5.56
   44   56   786    51        165      26.51      26.94       5.21
   44   56   805   372         42      10.33       9.87       3.11
   44   56   806   498        154      67.14       5.40       2.21
   44   56   880   227         53      14.81      10.22       2.89
   44   56   895   331        445     162.02       7.67       2.70
   44   56   888   425       1996     895.06       5.01       2.22
   44   56   971   121        178      83.46       5.24       2.07
   44   56   964   215         80      35.68       4.96       2.10
   45   59   283   235        674     153.72      19.09       4.26
   45   59   358    62        296      32.08      48.68       7.71
   45   59   526   259       1204     192.63      35.62       6.07
   45   59   742   244       9588    1719.05      29.44       5.56
   45   59   773   331      11437    2484.37      20.98       4.60
   46   58   934   142      10243    1727.58      31.43       5.91
   47   57    23   156        381      82.66      18.00       4.39
   47   57     8   229        623     144.15      15.22       4.22
   47   57     9   232        430      98.38      15.22       4.22
   47   57    24   478         45      13.29       7.62       2.81
   47   57    22   502        162      62.28       6.44       2.50
   47   57    37    26        231      34.27      26.18       5.98
   47   57    40    20        257      38.62      26.18       5.98
   47   57    50   132        103      16.48      23.48       4.83
   47   57    40   453         45      11.29      10.15       3.09
   47   57    90    58        164      13.15      32.63       9.99
   47   57    90   368        172      24.54      18.01       6.28
   47   57    77   471         49       8.07      12.50       4.52
   47   57    87   493         50       9.37      10.80       4.18
   47   57   112    75        341      40.38      44.21       7.35
   47   57   151   335       3863     611.85      35.12       6.26
   47   57   168   331      10148    1509.28      43.68       6.69
   47   57   180   380        382      49.83      38.06       6.90
   47   57   254   147       6766     502.18     110.87      13.25
   47   57   285   209        258      11.41     114.39      12.58
   47   57   287   297        907      75.72      86.58      10.84
   47   57   333   319        287      14.28     115.57      12.00
   47   57   351   332        271      13.43     107.07      12.21
   47   57   387    39       1262      39.53     291.17      24.56
   47   57   424   216        421      12.02     202.57      18.17
   47   57   430   389        271      13.71     105.30      12.09
   47   57   416   473        441      34.30      76.32      10.63
   47   57   448   117        490      12.81     240.97      19.45
   47   57   470   171       1996      95.49     226.63      18.53
   47   57   451   439      90871    8704.77      94.98      10.43
   47   57   515   495        296      24.91      68.09       9.15
   47   57   549   103        963      39.66     232.04      18.43
   47   57   546   162        495      15.76     223.75      17.21
   47   57   582   106        524      15.93     228.58      18.54
   47   57   600   190       1423      71.68     217.75      16.82
   47   57   620   497        419      34.22      68.64      10.24
   47   57   677   442        330      21.07      92.92      11.25
   47   57   757   232       2672     182.37     154.52      13.80
   47   57   794   325       1140      81.16     115.52      12.62
   47   57   800   100       1518     101.01     145.93      13.58
   47   57   804   269       4125     305.45     126.21      13.09
   47   57   824   468        418      43.65      60.75       8.18
   47   57   875   408       8733     936.87      66.30       9.25
   47   57   917   214        281      17.40      92.70      10.82
   47   57   927   293        203      13.78      74.72       9.31
   47   57   960   228       1767     185.92      55.56       9.20
