    0   40    65   253        173     120.40       2.19       1.42
    0   40   275   397        160      89.64       3.38       1.75
    0   40   318   215       2590    1116.12       5.63       2.32
    0   40   365   210      20678    8883.29       6.10       2.33
    0   40   387   456         24      10.87       3.66       1.87
    0   40   422   446        112      56.57       3.97       1.91
    0   40   728   106       5000    1979.91       6.76       2.52
    0   40   797   184        315     144.51       5.27       2.14
    0   40  1017    64        941     537.71       3.22       1.74
    1   39    14    77        159     100.78       2.74       1.55
    1   39     2   492        667     559.07       1.48       1.19
    1   39    77    27         36      18.10       3.35       1.80
    1   39    70   328        152     101.04       2.35       1.48
    1   39   281   422      10138    5821.48       3.21       1.74
    1   39   414   482      11915    7550.60       2.94       1.58
    1   39   435   455        124      66.70       3.23       1.81
    1   39   462   409         37      16.06       4.62       2.02
    1   39   585    48        224      86.86       7.69       2.49
    1   39   585   444         23      11.03       3.69       1.75
    1   39   671    75       1854     775.37       7.10       2.38
    1   39   673   399        623     356.97       3.47       1.74
    1   39   755   219         61      25.30       5.14       2.21
    1   39   791   282       1752     964.43       4.25       1.81
    1   39   891   153       1007     555.96       3.50       1.80
    1   39   864   207      59822   37059.88       2.92       1.61
    1   39   929    54         94      62.74       2.51       1.46
    2   42    31   424         24      13.94       2.67       1.53
    2   42    95    23      11173    4936.84       4.78       2.26
    2   42   171   330        291     139.84       5.09       2.04
    2   42   200    84       1432     512.71       8.16       2.78
    2   42   242   357        117      52.82       5.47       2.11
    2   42   463   462       1989     867.05       6.40       2.29
    2   42   608   105        817     225.66      13.11       3.56
    2   42   708   244        143      45.53      10.06       2.92
    2   42   939   172       3433    1454.25       6.02       2.36
    3   41   259   175        318      98.61      11.86       3.10
    3   41   611   107        938     245.93      15.45       3.75
    3   41   786   403      23944   11216.57       5.17       2.13
    4   44     5   260      13845    6488.97       4.25       2.13
    4   44    50   333       2003     952.20       4.48       2.10
    4   44   253     9        417      84.82      16.81       4.72
    4   44   229   155         59      11.46      15.08       3.83
    4   44   468   141       1288     250.82      26.70       5.03
    4   44   991   110        151      49.07       9.80       2.88
    5   43    80     7       9525    2396.69      12.28       3.97
    5   43    65   482      15855    7103.92       5.00       2.23
    5   43   240   247         67      12.40      18.56       3.91
    5   43   298   498         54      16.31       8.63       2.78
    5   43   398   242         63       8.21      23.89       4.76
    5   43   469    55     694000  124974.68      32.24       5.55
    5   43   500   254         69       9.49      25.42       4.59
    5   43   545   229         90      12.50      26.80       5.06
    5   43   583   139       3197     581.53      30.88       5.44
    5   43   660     1       1300     194.28      29.29       6.54
    5   43   658    95        208      35.44      28.78       5.06
    5   43   673   161        107      17.24      24.04       4.81
    5   43   703   412         84      19.95      13.25       3.55
    5   43   703   413         44       8.67      13.25       3.55
    5   43   703   414         62      13.75      13.25       3.55
    5   43   703   415         55      11.77      13.25       3.55
    5   43   703   416         40       8.29      12.02       3.38
    5   43   717    20         96      12.74      24.36       5.62
    5   43   728    74       1481     300.23      24.32       4.85
    5   43   704   413         46       9.03      12.57       3.70
    5   43   704   415         48       9.57      12.57       3.70
    5   43   704   416         39       8.45      10.95       3.32
    5   43   712   505         96      30.30       9.21       2.86
    5   43   758   201        108      21.47      17.71       4.21
    5   43   757   276        420      95.75      16.70       4.21
    5   43   803   338       1969     654.65      10.45       2.99
    5   43   933    55         51      15.44       8.39       2.76
    5   43   996   223        174      73.26       5.51       2.30
    6   46    50   273         97      35.29       7.71       2.53
    6   46    80   383        515     186.95       7.85       2.71
    6   46   157   419        511     164.57       8.37       3.05
    6   46   348   128        754     114.95      37.96       6.23
    6   46   497   267       1300     194.48      39.46       6.48
    6   46   503   333       7529    1360.72      33.52       5.51
    6   46   534   388         80      11.32      26.74       4.71
    6   46   817    67        543      92.07      31.98       5.55
    6   46   958   348       3651     986.57      14.51       3.69
    7   45   673   297        553     101.56      29.59       5.15
    7   45   674   297        467      84.88      29.59       5.15
    9   47   763    11      46689    3888.26      62.05      11.99
   10   50     2   131       9226    2298.32      16.92       4.01
   10   50    17   315         43       8.08      13.49       3.65
   10   50    28   389        607     181.34      11.06       3.29
   10   50    33    53        176      33.53      22.32       4.58
   10   50   501   507       1032     128.80      45.84       7.66
   10   50   535   118        812      43.47     150.84      15.21
   10   50   538   437        614      62.36      65.82       8.79
   10   50   724   166       1381     102.89     106.74      12.38
   10   50   772   184        648      54.65      91.49      10.18
   10   50   865   422        120      14.82      34.33       5.78
   10   50  1008   265        281      31.34      24.08       8.20
   12   52    12   200       2584     636.96      15.98       4.03
   13   51   311   194       1879     110.70     151.86      15.60
   13   51   967   328      11459    2651.28      17.62       4.32
   14   54   215   351       1110     110.80      67.25       9.41
   14   54   514     7       1840      30.39     322.79      49.93
   14   54   736    79       1406      58.84     219.66      20.16
   14   54   740   428       2508     206.49     100.94      11.66
   15   53    23    90      14924    1340.78      60.84      11.09
   15   53   232   328        898      50.56     128.76      15.22
   15   53   862     9       1194      61.26      97.80      17.89
   16   38    37   330         75      10.50      21.20       5.12
   16   38   211    35       6328     350.03     147.67      17.66
   16   38   865   136       2475     149.43     149.30      15.56
   18   36   213    28       1424      65.26     119.05      20.00
   18   36   377   495       1723     140.85      58.21      11.82
   18   36   400   345       1032      51.36     172.85      16.73
   18   36   530   141      59188    2448.28     313.22      24.05
   18   36   763   443       1064      87.22      89.71      11.17
   19   37   198   142       5214     278.65     191.52      18.02
   19   37   634   198       2877      94.16     346.22      26.88
   20   32    99   201         13       9.81       1.51       1.17
   20   32   156   113         46      27.77       2.47       1.57
   20   32   144   383         45      38.13       1.47       1.14
   20   32   273   445     104238   77026.83       2.26       1.35
   20   32   420   415         31      10.95       4.63       2.41
   20   32   767    88         29       8.63       7.19       2.53
   20   32   970   461       1234    1344.94       0.92       0.92
   21   35   410   317        295     123.78       6.16       2.33
   21   35   459   228        216      73.11       8.87       2.83
   22   34   504   376     127799   11546.88      83.09      11.06
   23   33   191    93       1446     152.87      68.00       9.01
   23   33   316   305      18600    1958.74      74.31       9.46
   23   33   731   471      22081    4094.14      24.63       5.39
   23   33   954    14        118      25.29      14.39       4.10
   24   64   225   333        210     136.65       2.68       1.52
   25   63   269    30        144      66.98       4.40       2.08
   25   63   533   308        180      90.66       4.37       1.94
   25   63   848   347       1000     635.60       2.78       1.57
   25   63   873    14         22      10.26       3.55       1.80
   25   63   956   220        123      74.99       2.82       1.60
   25   63   948   441       1089     822.53       1.93       1.32
   26   66    23   195        427     245.95       3.59       1.72
   26   66    75   178         67      29.44       4.97       2.11
   26   66   172   203        106      42.59       6.75       2.33
   26   66   232    54      42780   14846.43       8.49       2.88
   26   66   479   420        106      39.97       5.46       2.52
   26   66   458   473         34      11.72       5.11       2.46
   26   66   567   197         99      26.55      11.12       3.31
   26   66   614    35         72      19.01      12.04       3.15
   26   66   803   506         21      10.49       3.04       1.71
   26   66   846   233        266     125.44       4.86       2.08
   28   68     8   218       3342    1411.42       6.88       2.36
   28   68   136   419        667     275.83       5.96       2.40
   28   68   239   140         67      13.34      15.30       3.88
   28   68   273   168         72      15.38      16.11       3.63
   28   68   289   467       1290     455.74       8.25       2.81
   28   68   415   113       1479     331.06      21.63       4.40
   28   68   465   150        357      73.74      21.27       4.55
   28   68   448   473        160      50.74       9.15       2.97
   28   68   554   253       1172     281.87      19.31       4.09
   28   68   583   329      59399   16014.48      14.56       3.71
   28   68   622    18       2278     397.42      23.63       5.67
   28   68   611   139     110621   26072.21      20.07       4.24
   28   68   689   136       5023    1228.12      18.10       4.08
   28   68   688   374         60      15.26      11.50       3.18
   28   68   758   479        216      91.27       6.07       2.30
   28   68   778    72      11162    3310.46      13.82       3.37
   28   68   828    79         37       8.14      11.82       3.09
   28   68   836    67       4535    1582.16       9.85       2.86
   28   68   844   220        937     302.13       9.36       3.07
   28   68   894    13        440     141.29       8.60       3.05
   28   68   902   331        214      95.22       5.31       2.19
   28   68   919   482        335     183.17       3.37       1.81
   28   68   954   158        691     277.96       6.49       2.46
   28   68   930   166        498     204.78       5.90       2.40
   28   68   958   316       1860     949.29       4.66       1.95
   28   68   990   183        123      57.05       4.73       2.07
   28   68   965   429         20       9.25       3.13       1.82
   28   68   986   445        363     197.33       3.13       1.82
   28   68  1005   128        547     268.28       4.38       2.02
   29   67    96    83       1594     589.22       7.09       2.69
   29   67   138   492      26200   14406.46       3.96       1.82
   29   67   291   285         40       8.03      12.30       3.45
   29   67   672   114       1054     241.77      18.10       4.28
   29   67   694   426        109      33.40       9.43       2.98
   29   67   991   425        189      96.77       4.53       1.91
   30   70   160     0       4109     785.01      15.22       5.21
   30   70   332   409         77      14.83      16.41       4.09
   30   70   524   196        866     148.76      34.77       5.59
   30   70   870   139         52      10.07      13.70       3.80
   31   69    37    84       1574     568.97       8.26       2.75
   31   69   130   269         44       9.79      11.42       3.33
   31   69   167   245       1149     332.81      13.51       3.41
   31   69   733   336         64      10.11      21.52       4.20
   32   72    23   113     105693   24592.07      19.88       4.30
   32   72     2   281       9593    2234.21      16.38       4.29
   32   72    39   439       8940    2634.80      12.70       3.39
   32   72    56   500      12594    4129.42       9.34       3.05
   32   72   101   305        220      39.14      25.90       4.96
   32   72   129   295        222      34.66      28.15       5.59
   32   72   148   480         97      23.29      14.40       3.55
   32   72   202   464         70      11.74      19.77       4.28
   32   72   247   388        172      25.20      27.91       5.72
   32   72   252   414        530      87.81      27.91       5.72
   32   72   297    42       1649     198.32      63.11       8.00
   32   72   294   365        124      14.61      35.89       6.03
   32   72   365   501        260      52.87      21.49       4.51
   32   72   468    69        910      94.08      81.03       8.81
   32   72   483   169       7453     790.88      79.35       9.32
   32   72   548   492      29081    5663.69      23.63       5.13
   32   72   682   165        204      17.23      63.64       8.15
   32   72   834    37        704     109.02      33.22       6.15
   32   72   841   308         59       8.47      22.06       4.36
   32   72   901   188       4715    1068.55      18.89       4.39
   32   72   909   400        387     113.44      12.07       3.31
   32   72   936    61        449     102.99      17.67       4.19
   32   72   930   105       1659     394.57      17.41       4.16
   32   72  1009   136       2548     743.85      12.36       3.41
   33   71   774   395        125      14.36      21.96       7.18
   33   71   911   409         79      16.43      15.02       3.89
   34   74   817     2     104494    6903.96      43.08      15.13
   34   74   817     3        495      29.87      43.08      15.13
   34   74   817     4        837      52.48      43.08      15.13
   34   74   817     5       1038      65.76      43.08      15.13
   34   74   817     6      10954     721.19      43.08      15.13
   34   74   988   269        287      75.51      12.83       3.63
   35   73    28   235       5056    1514.12      11.22       3.33
   35   73   290   337        944     132.58      44.67       6.78
   36   76     9    69        394      46.60      41.10       7.57
   36   76    42   374        155      23.80      31.25       5.20
   36   76    75   127        289      25.35      64.91       8.84
   36   76   155    13        887      52.27      91.12      15.23
   36   76   226   319       9557     865.51      95.38      10.93
   36   76   244   364       4384     450.01      76.29       9.57
   36   76   259   255        289      13.65     122.42      12.20
   36   76   311   419        573      62.50      64.35       8.14
   36   76   345   109        322      10.34     169.21      14.78
   36   76   347   224      44796    3396.77     144.76      13.15
   36   76   367   155        527      20.65     177.00      16.95
   36   76   421   379       4338     352.36     111.37      12.00
   36   76   466    54       2039     109.24     205.78      16.78
   36   76   452   362        981      69.80     113.95      12.42
   36   76   568   438       2816     263.32      83.11      10.38
   36   76   753   166       2470     166.04     118.70      14.16
   36   76   768   346      47860    5705.21      64.93       8.38
   37   75    31   493         59      18.81       7.83       2.72
   37   75    74    22        173      20.63      31.65       6.85
   37   75    64   256         90      13.61      23.44       4.89
   37   75   235    40        205       8.60     100.09      12.20
   37   75   341   307        339      21.43      91.22      11.56
   37   75   637    41        299       8.79     165.64      15.17
   37   75   646    87       4401     279.88     155.06      15.17
   37   75   809    56        506      32.84     107.52      12.14
   37   75   985   318       2822     461.87      34.11       6.04
   39   77   542   123     177546    9117.59     241.37      19.45
   39   77   690   357       1279      90.09     120.08      12.86
   39   77   841   352       2589     245.29      79.07      10.23
   41   79    81   473       2134     533.43      15.45       3.97
   41   79   450   509       3253     267.72      79.68      11.85
   42   60   230   423        200       9.07      97.08      11.35
   42   60   561   351        571      12.36     272.52      24.14
   42   60   826   511        986     155.59      31.08       6.14
   43   61    48   244        886     175.52      22.39       4.92
   43   61    77   297        137      18.01      25.77       6.18
   43   61    99   126        165      13.09      52.76       8.57
   43   61   280   162       1079      45.16     180.74      19.89
   43   61   272   297        297      11.37     124.21      15.20
   43   61   306   234        401      11.20     184.73      19.31
   43   61   369   196       1436      46.37     275.03      25.04
   43   61   632   171       1284      37.32     312.65      26.03
   43   61   955   480       3438     520.10      30.19       6.55
   43   61   962   379       1821     127.53      45.40      13.92
   44   56    41   117        257      76.06      10.37       3.24
   44   56    58   252         62      17.20       8.96       3.08
   44   56    63   477         94      54.58       3.12       1.66
   44   56    88   218        136      35.53      12.92       3.46
   44   56   237   321     269348   61319.16      20.73       4.39
   44   56   271   126        185      14.41      35.81      10.35
   44   56   272   259        200      20.83      26.86       8.31
   44   56   287   284        141      13.73      26.86       8.31
   44   56   259   393        386      76.28      14.11       4.88
   44   56   283   496       1247     391.81       7.04       3.16
   44   56   326    11        140      11.54      45.72       8.17
   44   56   380   185        108       8.93      46.10       6.93
   44   56   454   394        416      77.30      22.07       5.10
   44   56   499   204       1092     134.73      55.72       7.69
   44   56   532    63        253      12.57      72.00      14.40
   44   56   542   343        415      63.40      34.12       6.01
   44   56   625   246        204      21.30      48.27       7.31
   44   56   639   438        161      34.20      16.49       4.23
   44   56   621   494         73      19.91      10.18       3.16
   44   56   640   280      11792    1956.72      36.91       6.01
   44   56   741   125        184      21.37      32.50       7.09
   44   56   786    51        164      25.52      25.43       5.43
   44   56   806   498        140      72.44       3.84       1.88
   44   56   880   227         41      11.76       7.96       2.81
   44   56   895   331        411     172.92       5.92       2.34
   44   56   888   425       2005    1105.01       3.53       1.81
   44   56   910   115         40      12.03       7.12       2.73
   44   56   971   121        178      92.51       3.70       1.88
   44   56   964   215         67      36.44       3.07       1.75
   45   59   283   235        580     134.09      18.85       4.18
   45   59   358    62        285      29.96      54.37       7.70
   45   59   526   259       1213     205.63      36.47       5.72
   45   59   742   244       9567    1847.55      27.89       5.16
   45   59   773   331      19557    4512.12      19.08       4.33
   46   58   934   142      10045    1818.65      24.40       5.51
   47   57    23   156        511     131.49      12.76       3.79
   47   57     8   229        651     191.54      10.74       3.34
   47   57     9   232        442     129.02      10.74       3.34
   47   57    24   478         42      15.05       6.17       2.38
   47   57    22   502        216     100.37       4.60       2.11
   47   57    37    26        219      39.48      18.55       5.08
   47   57    40    20        257      46.96      18.55       5.08
   47   57    50   132         81      13.92      18.00       4.53
   47   57    40   453         54      17.44       7.89       2.64
   47   57    90    58        139      13.22      26.09       8.54
   47   57    90   368        160      25.23      15.37       5.73
   47   57    77   471         46       9.06       9.68       4.01
   47   57    87   493         57      15.83       7.48       3.13
   47   57   112    75        437      54.96      37.29       7.27
   47   57   151   335       3885     639.70      30.70       6.03
   47   57   168   331      10181    1435.75      40.25       7.06
   47   57   180   380        379      50.83      36.64       6.74
   47   57   254   147       6704     481.34     116.11      13.69
   47   57   285   209        290      10.88     129.54      14.75
   47   57   287   297        968      75.86      93.46      11.53
   47   57   333   319        267       8.70     134.07      15.28
   47   57   351   332        246       9.02     118.71      14.11
   47   57   387    39       1279      33.28     357.09      27.70
   47   57   424   216        465      11.22     247.78      19.36
   47   57   430   389        300      13.24     116.85      13.84
   47   57   416   473        425      32.53      78.73      10.64
   47   57   448   117        593      12.25     296.40      24.21
   47   57   470   171       2022      81.64     274.07      21.41
   47   57   451   439      90917    7455.17     100.66      12.18
   47   57   515   495        264      20.07      65.60       9.88
   47   57   549   103       1005      36.92     256.75      20.27
   47   57   546   162        566      15.45     256.11      20.06
   47   57   582   106        540      13.82     255.70      20.57
   47   57   600   190       1584      66.66     244.24      20.10
   47   57   620   497        443      40.42      60.30       9.47
   47   57   677   442        326      22.64      89.10      10.47
   47   57   757   232       2602     172.29     161.96      14.16
   47   57   794   325       1108      75.73     115.39      13.11
   47   57   800   100       1233      75.66     147.76      14.34
   47   57   804   269       3999     313.97     125.18      12.34
   47   57   824   468        413      43.34      52.05       8.33
   47   57   851   168        233       8.05     124.80      13.44
   47   57   875   408       8849    1023.12      58.50       8.59
   47   57   917   214        253      14.75      85.66      11.34
   47   57   927   293        152       8.03      72.23       9.93
   47   57   973    62        133       8.30      54.30       9.49
   47   57   960   228       1764     200.46      43.90       8.58
