    0   40    65   253        201     117.52       3.38       1.68
    0   40   275   397        184      81.30       5.32       2.20
    0   40   318   215       4442    1668.31       8.55       2.66
    0   40   365   210      21651    6916.98      10.66       3.13
    0   40   422   446        111      40.28       7.32       2.57
    0   40   728   106       5619    1916.06       8.77       2.93
    0   40   797   184        317     119.57       7.59       2.59
    0   40  1017    64        924     545.56       3.07       1.69
    1   39    14    77        175     101.77       2.67       1.69
    1   39     2   492        682     767.41       0.88       0.89
    1   39    77    27         37      17.18       3.75       1.93
    1   39    70   328        162     112.42       2.20       1.42
    1   39   281   422      10345    6294.55       2.79       1.64
    1   39   414   482      12770    8723.17       2.33       1.46
    1   39   435   455        122      74.78       2.85       1.59
    1   39   462   409         37      19.35       3.57       1.73
    1   39   585    48        263      79.05      11.86       3.18
    1   39   671    75       1960     655.15       9.71       2.98
    1   39   673   399        702     408.45       3.22       1.71
    1   39   755   219         65      27.38       5.65       2.17
    1   39   791   282       1865     956.62       4.13       1.95
    1   39   891   153       1115     562.47       3.81       1.98
    1   39   864   207      62860   37547.62       3.44       1.67
    1   39   929    54        108      57.86       3.40       1.81
    2   42     2   277         51      23.91       3.99       1.97
    2   42    31   424         18       8.66       2.91       1.74
    2   42    95    23      11861    5101.00       5.94       2.32
    2   42   171   330        299     109.46       7.55       2.66
    2   42   200    84       1555     453.89      11.36       3.40
    2   42   242   357        117      35.73       8.63       3.03
    2   42   463   462       2201     726.30      10.70       3.02
    2   42   608   105        866     204.41      18.10       4.15
    2   42   708   244        140      34.73      14.09       3.63
    2   42   939   172       4026    1585.57       6.72       2.53
    3   41   163   501         18       9.36       2.77       1.63
    3   41   259   175        351     116.29      10.00       2.93
    3   41   611   107        987     224.45      19.54       4.31
    3   41   786   403      25403   12383.03       4.62       2.05
    4   44     5   260      14524    5183.98       5.93       2.80
    4   44    50   333       2271     959.65       6.38       2.36
    4   44   253     9        463      77.72      23.64       5.65
    4   44   229   155         77      10.89      24.22       4.85
    4   44   468   141       1425     221.48      43.52       6.24
    4   44   991   110        164      50.31      10.25       3.06
    5   43    80     7       9919    2739.17      12.61       3.62
    5   43    65   482      17488    9299.23       3.88       1.88
    5   43   240   247         58      12.49      14.73       3.46
    5   43   298   498         77      27.07       6.44       2.61
    5   43   398   242         83      12.49      23.49       4.76
    5   43   469    55     732126  112994.15      38.33       6.48
    5   43   545   229        135      21.05      27.91       5.09
    5   43   583   139       3394     557.15      39.67       6.02
    5   43   660     1       1354     158.12      43.84       8.29
    5   43   658    95        252      30.47      42.00       6.89
    5   43   673   161        113      14.55      28.99       5.77
    5   43   703   412         76      20.30      10.97       3.20
    5   43   717    20        134      13.93      35.64       7.06
    5   43   728    74       1396     237.86      31.99       5.73
    5   43   712   505        100      39.25       6.47       2.38
    5   43   758   201         80      13.90      20.33       4.29
    5   43   757   276        447     112.37      15.94       3.84
    5   43   803   338       2015     692.07      10.07       2.90
    5   43   933    55         71      21.97       9.63       2.79
    5   43   996   223        200      81.86       5.18       2.38
    6   46    50   273         87      24.48      11.15       3.10
    6   46    80   383        571     159.84      11.20       3.50
    6   46   157   419        491     129.38      13.81       3.69
    6   46   299   242        117       9.06      51.13       7.27
    6   46   348   128        921     103.52      64.56       8.27
    6   46   497   267       1456     163.46      69.09       8.48
    6   46   503   333       7849    1010.16      60.08       7.71
    6   46   534   388        102       8.15      47.62       6.67
    6   46   752   404         81       8.24      32.24       5.91
    6   46   817    67        623     105.25      34.88       5.59
    6   46   870    36         70       8.34      27.05       5.15
    6   46   958   348       4408    1011.41      17.31       4.34
    7   45   242   496         30       9.21       7.03       2.50
    7   45   673   297        225      36.37      27.66       5.43
    7   45   674   297        137      20.15      27.66       5.43
    9   47   721   489         54       8.18      13.26       4.98
    9   47   763    11      48843    2937.82      88.31      16.60
   10   50     2   131       9548    2032.05      19.87       4.69
   10   50    28   389        602     151.73      14.29       3.87
   10   50    33    53        176      28.47      25.47       5.29
   10   50   501   507       1216     103.07      80.92      11.01
   10   50   535   118        975      42.04     206.37      18.28
   10   50   538   437        738      46.49     116.09      13.38
   10   50   724   166       1669     102.74     135.60      14.93
   10   50   772   184        665      46.74     107.67      11.92
   10   50   865   422        138      11.76      45.16       7.89
   10   50  1008   265        313      37.72      23.52       7.67
   12   52    12   200       2724     612.55      19.70       4.41
   13   51    50   438         45      10.09      10.70       3.40
   13   51   311   194       1797     126.43     111.77      13.33
   13   51   967   328      11891    3382.70      12.39       3.51
   14   54   215   351       1166      69.15     106.47      15.32
   14   54   514     7       2013      24.78     380.47      65.87
   14   54   736    79       1470      59.09     220.55      21.15
   14   54   740   428       2792     157.87     136.84      16.82
   15   53    23    90      15694    2079.26      35.66       7.53
   15   53   232   328        944      95.04      63.62       9.26
   15   53   862     9       1237      59.83      99.72      19.01
   16   38   211    35       1114      41.96     176.48      22.34
   16   38   865   136       2498     151.76     133.73      15.58
   17   55   392   482         86      14.70      17.77       4.64
   18   36   213    28       1489      63.10     115.67      21.77
   18   36   377   495      20123    1238.07      89.46      16.18
   18   36   400   345       1190      32.43     293.53      27.64
   18   36   530   141      63016    2064.03     377.73      30.35
   18   36   763   443       1101      69.80     108.80      14.21
   19   37   198   142       5501     405.66     119.25      13.27
   19   37   634   198       2946     103.18     293.37      25.71
   19   37   941   331         51      12.58      11.04       3.18
   20   32    91   388         15      16.70       0.78       0.85
   20   32    99   201         13      10.92       1.23       1.08
   20   32   156   113         53      40.08       1.92       1.27
   20   32   144   383         65      58.36       1.25       1.09
   20   32   286   259         23       8.13       5.26       2.18
   20   32   273   445     109717   65644.47       2.80       1.67
   20   32   767    88         35      14.36       5.09       2.08
   20   32   970   461       1455    2132.62       0.63       0.68
   21   35   116   458          5       8.06       0.38       0.57
   21   35   410   317        236     143.62       2.81       1.62
   21   35   459   228        214     104.69       4.61       2.00
   21   35   934   384          5       8.08       0.37       0.57
   21   35   939   459          6       9.23       0.43       0.60
   22   34   504   376     133075   10621.91     113.58      12.52
   23   33   191    93       1698     239.39      40.30       6.92
   23   33   316   305      19290    3459.18      28.10       5.57
   23   33   731   471      23498    7724.52       8.77       3.04
   23   33   954    14        100      30.92       8.28       2.97
   24   64   225   333        205     150.98       2.15       1.34
   25   63   269    30        162      61.64       5.92       2.53
   25   63   533   308        200      78.02       7.38       2.47
   25   63   623   142         35      10.45       7.58       2.62
   25   63   848   347       1115     601.74       4.15       1.85
   25   63   873    14         27      11.07       4.08       2.07
   25   63   956   220        148      80.10       3.53       1.80
   25   63   948   441       1116     701.85       2.55       1.59
   26   66    23   195        439     242.11       3.33       1.80
   26   66    75   178         59      26.33       4.59       2.07
   26   66   172   203         92      37.65       5.92       2.29
   26   66   232    54      42812   15007.70       9.52       2.85
   26   66   355   274         29       8.44       7.64       2.53
   26   66   479   420         93      37.84       4.45       2.34
   26   66   458   473         22       8.70       3.85       2.09
   26   66   567   197         85      21.91      12.12       3.33
   26   66   614    35         75      13.63      17.93       4.19
   26   66   803   506         32      17.31       2.88       1.68
   26   66   846   233        211      88.64       5.43       2.32
   28   68     8   218       3528    1540.34       5.30       2.29
   28   68   136   419        644     350.86       4.02       1.82
   28   68   239   140         65      14.19      13.99       3.59
   28   68   273   168         82      18.17      14.84       3.70
   28   68   261   464         34      12.95       5.57       2.20
   28   68   289   467       1391     612.48       5.69       2.26
   28   68   415   113       1533     327.64      22.17       4.61
   28   68   465   150        392      76.67      23.17       4.81
   28   68   448   473        145      54.81       7.20       2.51
   28   68   554   253        938     199.29      19.95       4.61
   28   68   557   481         31      10.32       5.98       2.43
   28   68   583   329      63051   18153.33      12.63       3.47
   28   68   622    18       2442     328.14      34.81       7.34
   28   68   611   139     116292   22009.38      26.73       5.28
   28   68   689   136       5545    1152.67      22.19       4.79
   28   68   688   374         47      11.94      10.16       3.09
   28   68   728   329         42      10.11      10.18       3.15
   28   68   758   479        233     111.73       5.04       2.04
   28   68   778    72       8157    1997.98      17.55       4.07
   28   68   836    67       4810    1400.84      12.62       3.42
   28   68   844   220       1016     348.27       9.95       2.89
   28   68   894    13        429     122.23      10.40       3.42
   28   68   921   216         31      10.75       6.77       2.25
   28   68   902   331        227      94.82       5.27       2.34
   28   68   919   482        323     216.41       2.76       1.48
   28   68   954   158        771     325.07       6.55       2.35
   28   68   930   166        555     227.61       6.16       2.41
   28   68   958   316       1946     956.72       4.65       2.03
   28   68   990   183        117      49.78       5.07       2.25
   28   68   965   429         23      11.74       3.23       1.68
   28   68   986   445        382     224.83       3.23       1.68
   28   68  1005   128        554     264.79       4.63       2.07
   29   67    96    83       1698     595.86       9.42       2.83
   29   67   138   492      28233   11036.27       6.24       2.56
   29   67   672   114       1151     236.96      23.07       4.76
   29   67   694   426        139      33.49      15.19       3.70
   29   67   991   425        218      93.64       5.65       2.27
   30   70   160     0       2530     512.02      16.03       4.91
   30   70   332   409         81      19.88      11.93       3.47
   30   70   524   196        925     143.65      37.55       6.18
   31   69    37    84       1671     543.16      10.78       3.06
   31   69   130   269         56       9.86      16.43       4.01
   31   69   167   245       1234     248.67      20.82       4.88
   32   72    23   113     111416   28046.31      15.94       3.97
   32   72     2   281       9665    2767.72      11.71       3.49
   32   72    39   439       8635    3356.53       7.44       2.57
   32   72    56   500      13321    6227.72       5.28       2.14
   32   72   101   305        173      39.80      16.76       3.93
   32   72   129   295        236      50.17      20.15       4.30
   32   72   148   480         99      29.70       8.24       3.06
   32   72   202   464         54      12.99      11.98       3.23
   32   72   247   388        177      40.72      18.32       3.90
   32   72   252   414        450     110.77      18.32       3.90
   32   72   297    42       1731     197.29      67.89       8.43
   32   72   294   365        142      23.37      24.36       5.03
   32   72   365   501        244      58.39      14.98       3.92
   32   72   393   486         57      12.79      14.09       3.36
   32   72   468    69        988      80.63      95.09      11.07
   32   72   483   169       7904     760.28      85.13      10.28
   32   72   548   492      28657    7089.26      15.64       4.04
   32   72   682   165        229      16.79      72.35       9.33
   32   72   834    37        698     100.23      38.83       6.58
   32   72   841   308         75      12.37      20.00       4.45
   32   72   901   188       4865    1039.35      20.92       4.66
   32   72   909   400        423     131.80       9.72       3.14
   32   72   936    61        383      77.20      19.92       4.70
   32   72   930   105       1699     402.25      18.66       4.18
   32   72  1009   136       2650     756.19      11.72       3.49
   33   71   911   409         76      13.28      19.32       4.27
   34   74   817     2     103778    5328.64      54.94      19.47
   34   74   817     5        679      32.06      54.94      19.47
   34   74   817     6      10655     544.56      54.94      19.47
   34   74   988   269        299      87.18      11.34       3.30
   35   73    28   235       5442    1459.39      14.06       3.72
   35   73   290   337        913      81.23      82.52      10.22
   36   76     9    69        424      70.42      27.75       5.63
   36   76    20   217         66       8.16      21.38       5.47
   36   76    42   374        155      36.76      15.29       3.80
   36   76    75   127        297      31.55      46.80       7.93
   36   76    94   482       3566    1235.07       9.66       2.88
   36   76   155    13        898      58.98      79.21      13.88
   36   76   226   319       9795    1069.11      59.99       9.11
   36   76   244   364       4626     685.30      40.85       6.69
   36   76   259   255        294      19.46      87.00      10.64
   36   76   269   286        157       8.10      75.28      10.09
   36   76   311   419        584      91.20      32.26       6.05
   36   76   345   109        373      14.49     150.29      15.37
   36   76   347   224      61944    5623.67     103.78      11.00
   36   76   367   155        631      28.50     153.58      16.75
   36   76   421   379       4865     523.75      64.01       9.17
   36   76   433   419        116      11.76      40.80       6.39
   36   76   466    54       2791     133.64     223.22      19.21
   36   76   452   362        974      91.59      69.43       9.88
   36   76   568   438       3085     413.14      46.53       7.35
   36   76   753   166       2857     180.80     126.58      15.10
   36   76   768   346      50768    6923.76      48.41       7.33
   37   75    31   493         71      19.22       9.90       3.18
   37   75    74    22        179      19.30      33.89       7.52
   37   75    64   256        113      12.49      30.89       6.57
   37   75   235    40        281       8.55     139.40      16.56
   37   75   341   307        451      14.61     174.74      18.91
   37   75   637    41        572      20.52     192.08      18.52
   37   75   646    87       3867     202.24     180.92      18.23
   37   75   809    56        571      37.20     107.15      12.47
   37   75   985   318       2789     400.99      35.62       6.87
   39   77   542   123     187464    6920.02     316.05      27.04
   39   77   690   357       1414      72.82     169.66      17.09
   39   77   841   352       2749     213.88     100.65      12.38
   41   79    81   473       2221     512.79      18.63       4.29
   41   79   450   509       2603     124.34     139.44      19.81
   42   60   230   423        165      23.14      31.81       5.76
   42   60   390   468        120      12.90      33.91       6.68
   42   60   561   351        440      15.12     152.09      19.05
   42   60   691   367       2271     185.54      89.43      11.76
   42   60   698   358        235      12.38      89.43      11.76
   42   60   826   511       1068     246.07      13.49       4.29
   42   60   905   233         97      11.79      27.88       5.86
   43   61    48   244        958     198.76      19.33       4.72
   43   61    77   297        185      27.28      25.87       5.83
   43   61    99   126        184      17.10      44.66       8.15
   43   61   280   162       1201      35.94     250.53      26.44
   43   61   306   234        543       8.70     287.37      29.37
   43   61   369   196       1627      31.50     438.22      37.74
   43   61   632   171       1394      33.64     352.64      30.96
   43   61   955   480       3620     607.19      28.18       5.92
   43   61   962   379       1987     140.28      42.97      13.86
   44   56     6   196         16      10.27       1.60       1.40
   44   56    41   117        281     129.90       5.08       2.12
   44   56    58   252         65      34.99       3.64       1.75
   44   56    63   477        135     132.05       1.02       1.01
   44   56    72    63         93      31.19       7.75       2.73
   44   56    88   218        114      47.23       5.66       2.29
   44   56   216   451         23      13.78       2.19       1.51
   44   56   237   321     285433  104251.28       7.16       2.74
   44   56   271   126        181      22.03      21.97       7.22
   44   56   272   259        196      43.13      11.87       4.27
   44   56   287   284        149      32.12      11.87       4.27
   44   56   259   393        476     211.44       4.02       2.23
   44   56   283   496       1582    1190.26       1.67       1.33
   44   56   326    11        100      10.01      32.49       6.74
   44   56   380   185         92      14.32      25.41       4.65
   44   56   454   394        241      85.12       7.11       2.75
   44   56   499   204       1433     232.68      33.72       6.01
   44   56   532    63        233       9.88      66.01      16.89
   44   56   542   343        442     109.60      14.25       3.90
   44   56   625   246        189      26.22      32.28       5.98
   44   56   639   438        140      61.65       5.35       2.18
   44   56   621   494         64      36.33       2.85       1.68
   44   56   640   280      12781    2633.53      22.68       4.84
   44   56   741   125        203      32.61      25.95       5.43
   44   56   786    51        161      28.42      21.55       4.91
   44   56   805   372         40      19.02       3.63       1.91
   44   56   806   498        173     126.77       1.81       1.35
   44   56   880   227         39      16.52       4.37       2.10
   44   56   895   331        428     271.99       2.43       1.56
   44   56   888   425       2123    1811.46       1.61       1.17
   44   56   910   115         33      13.87       4.08       2.09
   44   56   971   121        175     113.98       2.23       1.52
   44   56   964   215         78      63.54       1.67       1.20
   45   59   283   235        644     107.45      24.29       5.77
   45   59   358    62        329      26.90      64.81       9.82
   45   59   520    52         72       8.03      26.44       5.67
   45   59   526   259       1287     181.43      44.17       6.85
   45   59   742   244      10088    1965.28      26.25       5.12
   45   59   773   331      13824    3200.74      19.16       4.31
   46   58   666   450         58       8.13      20.34       4.63
   46   58   934   142      10719    2793.16      14.23       3.83
   47   57    23   156        351     112.83       8.44       3.04
   47   57    22   208         35       8.27       9.59       3.07
   47   57     8   229        693     208.08       8.85       3.29
   47   57     9   232        436     129.91       8.85       3.29
   47   57    24   478         32      12.71       4.26       2.18
   47   57    22   502        225     102.63       4.40       2.15
   47   57    37    26        224      57.04      11.86       3.72
   47   57    40    20        266      68.33      11.86       3.72
   47   57    50   132        130      32.79      12.41       3.59
   47   57    40   453         53      16.56       7.32       2.76
   47   57    90    58        158      21.76      17.77       6.45
   47   57    90   368        169      31.08      13.54       5.00
   47   57    77   471         56      12.52       9.40       3.72
   47   57    87   493         53      13.97       7.66       3.25
   47   57   112    75        325      47.71      29.01       6.20
   47   57   151   335       4209     601.36      33.37       6.94
   47   57   168   331      10755    1197.08      47.31       8.94
   47   57   180   380        330      33.90      44.76       8.42
   47   57   254   147       7059     384.59     138.69      17.99
   47   57   285   209        334       8.18     170.68      19.97
   47   57   287   297       1036      51.53     141.66      17.36
   47   57   351   332        350       8.13     193.30      19.28
   47   57   387    39       1530      32.10     466.35      33.14
   47   57   424   216        621       9.06     371.30      27.56
   47   57   430   389        432      13.22     193.62      18.03
   47   57   416   473        503      22.33     123.22      17.01
   47   57   448   117        687       8.86     377.98      34.89
   47   57   470   171       2198      63.69     380.88      28.53
   47   57   451   439      96795    5382.80     163.04      17.95
   47   57   515   495        295      15.35      87.90      13.49
   47   57   549   103       1542      55.35     270.47      22.97
   47   57   546   162        591      13.03     287.43      23.29
   47   57   582   106        522      13.45     249.16      20.28
   47   57   600   190       1098      40.09     261.89      20.86
   47   57   620   497        320      19.69      76.57      12.37
   47   57   677   442        371      21.25     107.91      12.38
   47   57   757   232       2789     165.70     166.98      15.82
   47   57   794   325       1142      79.32     125.38      12.82
   47   57   800   100       1201      79.38     125.59      13.55
   47   57   804   269       4091     298.23     126.19      13.29
   47   57   824   468        429      41.96      56.75       8.87
   47   57   851   168        239      10.53     108.01      12.44
   47   57   875   408       5696     601.26      60.18       9.37
   47   57   917   214        244      15.21      70.58      11.40
   47   57   927   293        212      14.37      65.95      10.16
   47   57   973    62        105      12.86      28.50       5.95
   47   57   960   228       1846     238.21      33.67       7.61
