    0   40    24   482          4       8.77       0.20       0.43
    0   40    25   482          4       8.77       0.20       0.43
    0   40    65   253        239     315.79       0.58       0.75
    0   40   275   397        192     284.25       0.56       0.67
    0   40   318   215       1573    2027.32       0.69       0.78
    0   40   365   210      26490   30678.41       0.76       0.86
    0   40   387   456         11      15.90       0.46       0.66
    0   40   422   446        121     171.41       0.57       0.70
    0   40   728   106       6396    7919.30       0.70       0.81
    0   40   797   184        375     502.45       0.63       0.75
    0   40  1017    64       1121    1962.08       0.33       0.57
    1   39    14    77        182     277.11       0.49       0.66
    1   39     2   492        934    1755.89       0.33       0.53
    1   39    77    27         56      77.96       0.52       0.71
    1   39    70   328        192     307.22       0.47       0.62
    1   39    76   328          7      10.47       0.47       0.62
    1   39   229   437          6       8.24       0.51       0.67
    1   39   281   422      12767   17910.53       0.53       0.71
    1   39   302   269         19      24.87       0.51       0.74
    1   39   414   482      15445   24223.63       0.42       0.64
    1   39   435   455        145     219.02       0.50       0.66
    1   39   462   409         40      54.77       0.57       0.72
    1   39   480   468          7       8.85       0.54       0.73
    1   39   585    48        251     248.96       1.05       1.00
    1   39   585   444         27      34.26       0.64       0.77
    1   39   671    75       2297    2549.06       0.87       0.90
    1   39   673   399        755    1093.76       0.54       0.69
    1   39   755   219         59      80.89       0.57       0.72
    1   39   791   282       2354    3287.89       0.55       0.72
    1   39   847   324          7       9.46       0.51       0.69
    1   39   891   153       1354    1850.83       0.55       0.73
    1   39   864   207      76730  111490.69       0.56       0.69
    1   39   929    54        116     161.86       0.55       0.71
    2   42    31   424         17      21.71       0.60       0.76
    2   42    95    23      14564   13958.43       1.03       1.04
    2   42   171   330        358     429.35       0.88       0.83
    2   42   200    84       1869    1649.86       1.42       1.13
    2   42   249   346          9       8.15       1.12       0.97
    2   42   242   357        138     146.31       1.03       0.94
    2   42   284   319         16      15.72       1.06       0.95
    2   42   463   462       2534    2927.36       0.77       0.87
    2   42   626    87         13      10.84       1.34       1.08
    2   42   608   105       1068     936.10       1.40       1.14
    2   42   708   244        145     146.24       1.11       0.98
    2   42   939   172       4686    5184.20       0.93       0.90
    3   41   145   497          8       9.03       0.70       0.81
    3   41   163   501         20      21.14       0.85       0.91
    3   41   259   175        413     331.92       1.67       1.24
    3   41   611   107       1126     866.64       1.68       1.30
    3   41   786   403      31048   28048.75       1.22       1.11
    4   44     5   260      17852   16335.42       1.22       1.09
    4   44    50   333       2629    2357.61       1.33       1.11
    4   44   173    30         15       8.97       2.24       1.42
    4   44   253     9        514     317.11       2.68       1.61
    4   44   229   155         69      42.69       2.54       1.56
    4   44   239   396         17      11.74       1.91       1.29
    4   44   468   141       1646     962.71       2.96       1.71
    4   44   541   161         17       8.51       3.04       1.64
    4   44   991   110        200     162.32       1.71       1.22
    5   43    80     7      11935    9526.74       1.81       1.25
    5   43    65   482      20795   18573.11       1.38       1.12
    5   43   240   247         65      44.38       2.33       1.41
    5   43   298   498         59      43.80       1.92       1.30
    5   43   346    33         26      13.52       2.95       1.70
    5   43   398   242         81      50.10       2.82       1.56
    5   43   469    55     892000  555893.98       2.95       1.60
    5   43   500   254         45      24.39       2.96       1.72
    5   43   484   348         16       8.23       2.65       1.62
    5   43   545   229        105      60.75       2.90       1.68
    5   43   583   139       3940    2394.71       3.15       1.64
    5   43   660     1       1620     877.58       3.52       1.84
    5   43   658    95        197     116.30       3.60       1.66
    5   43   673   161        110      65.47       2.90       1.64
    5   43   703   412         63      46.43       1.98       1.31
    5   43   717    20         95      53.42       3.27       1.72
    5   43   728    74       1933    1230.71       2.92       1.57
    5   43   712   505        114      85.82       1.81       1.31
    5   43   758   201        110      63.07       2.90       1.70
    5   43   757   276        537     355.75       2.48       1.50
    5   43   803   338       2346    1708.26       2.36       1.37
    5   43   933    55         66      49.43       1.76       1.30
    5   43   996   223        213     172.94       1.45       1.22
    5   43  1002   466         16      15.18       1.05       0.98
    6   46    50   273         86      56.10       2.57       1.49
    6   46    80   383        686     469.67       2.39       1.46
    6   46   157   419        622     411.30       2.54       1.51
    6   46   299   242         64      30.04       4.37       1.99
    6   46   348   128        870     400.31       4.73       2.16
    6   46   497   267       1677     866.98       4.55       1.93
    6   46   503   333       9729    5560.73       3.77       1.75
    6   46   534   388         69      34.84       3.66       1.88
    6   46   600   384         26      11.66       3.92       1.89
    6   46   752   404         32      15.62       3.71       1.81
    6   46   817    67        665     331.02       4.41       2.00
    6   46   850   243         20       9.01       3.99       1.78
    6   46   870    36         50      26.12       3.71       1.77
    6   46   958   348       6734    4522.25       2.61       1.49
    6   46  1018   313         20      11.05       2.46       1.59
    7   45   242   496         25      14.20       2.56       1.58
    7   45   437   254         55      22.13       5.44       2.24
    7   45   463   408         28      13.71       3.92       1.76
    7   45   673   297        200     110.08       4.25       1.78
    7   45   674   297         48      24.60       4.25       1.78
    9   47   171    22         31       8.52       7.63       2.74
    9   47   721   489         61      21.48       5.28       2.59
    9   47   763    11      60263   18065.66       9.52       3.34
   10   50     2   131      11678    4480.49       7.70       2.60
   10   50    17   315         33      10.36       6.31       2.58
   10   50    28   389        863     366.58       5.74       2.34
   10   50    33    53        170      54.33       9.19       2.96
   10   50    61   116         48      12.07       9.57       3.18
   10   50   187   500         55      18.14       7.54       2.62
   10   50   283   263         61      14.57      12.34       3.34
   10   50   508    42         53       8.24      18.26       4.22
   10   50   501   507       1277     422.48       9.27       3.00
   10   50   535   118        929     220.75      17.08       4.13
   10   50   538   437        708     214.32      11.08       3.25
   10   50   724   166       1886     544.64      14.21       3.44
   10   50   772   184        748     207.47      13.39       3.54
   10   50   865   422         90      31.10       7.81       2.64
   10   50  1008   265        312     129.46       6.16       2.36
   12   52    12   200       3329    1097.43      10.03       3.02
   13   51    50   438         51      12.38      10.65       3.26
   13   51   164   369         63      12.93      16.22       3.62
   13   51   311   194       2065     436.95      22.94       4.67
   13   51   324   377         72      11.67      20.57       4.41
   13   51   753    64         94      13.14      26.75       5.12
   13   51   967   328      14464    4282.14      11.48       3.38
   14   54   215   351       1328     260.53      25.39       5.00
   14   54   514     7       1818     201.51      44.24       8.80
   14   54   736    79       1439     235.26      37.73       5.96
   14   54   740   428       3166     613.65      25.85       5.12
   14   54   959   290        125      21.62      22.15       4.76
   15   53    23    90      19274    4144.36      20.26       4.65
   15   53   232   328        999     173.45      32.95       5.57
   15   53   862     9       1468     199.18      34.26       7.20
   16   38    37   330         76      10.49      25.93       4.77
   16   38   211    35       1837     223.17      55.41       7.98
   16   38   865   136       2898     427.60      42.20       6.68
   17   55   392   482         98      11.91      29.33       5.77
   18   36   213    28       1728     142.50      64.84      11.67
   18   36   377   495       1632     217.73      35.48       7.33
   18   36   400   345       1140     135.35      55.47       8.01
   18   36   527    52        139       8.58      67.34       8.36
   18   36   530   141      75210    8736.93      73.13       8.60
   18   36   763   443       1343     197.62      43.40       6.58
   19   37   198   142       6443     744.83      66.65       8.56
   19   37   336   206        145       8.22      75.41       8.47
   19   37   344   327        136       8.99      65.67       7.82
   19   37   634   198       3244     308.30      90.88      10.23
   20   32    91   388         16       8.10       2.93       1.61
   20   32   156   113         76      31.46       5.08       2.25
   20   32   144   383         53      27.58       3.43       1.80
   20   32   286   259         27       9.35       5.28       2.32
   20   32   273   445     135084   74933.42       3.95       1.80
   20   32   420   415         22       8.05       4.42       2.18
   20   32   767    88         45      17.44       5.97       2.24
   20   32   970   461       1633    1101.80       2.49       1.48
   21   35   410   317        317     131.21       5.86       2.37
   21   35   459   228        239      97.17       6.45       2.39
   22   34   504   376     160960   25921.44      38.05       6.21
   23   33   191    93       1666     249.39      40.76       6.52
   23   33   316   305      23593    3584.77      42.98       6.57
   23   33   731   471      29779    5329.90      32.01       5.58
   23   33   954    14        127      14.64      29.64       6.65
   24   64    28   337          4       8.14       0.25       0.46
   24   64   193   428          5       8.26       0.34       0.56
   24   64   225   333        295     527.31       0.34       0.56
   24   64   258   485          5       8.63       0.31       0.54
   24   64   358   506          4       8.71       0.21       0.44
   24   64   766   422          5       8.21       0.37       0.56
   24   64   863   174         10      15.42       0.39       0.62
   24   64   897   412          4       8.16       0.23       0.46
   24   64   897   413          4       8.16       0.23       0.46
   24   64   898   412          4       8.16       0.23       0.46
   25   63   231   323          6       8.44       0.51       0.65
   25   63   269    30        192     302.67       0.47       0.63
   25   63   310   480          4       8.09       0.23       0.47
   25   63   446   411          5       8.13       0.37       0.57
   25   63   533   308        228     341.22       0.55       0.67
   25   63   584   423          5       8.95       0.31       0.52
   25   63   623   142         26      37.56       0.54       0.68
   25   63   848   347       1259    2038.73       0.45       0.62
   25   63   873    14         37      53.53       0.49       0.68
   25   63   956   220        149     231.25       0.45       0.64
   25   63   939   335          5       8.32       0.38       0.56
   25   63   948   441       1335    2426.01       0.33       0.55
   25   63  1005   371          5       8.31       0.33       0.56
   25   63  1018   476          4       8.12       0.23       0.46
   26   66    12    94          7       9.04       0.54       0.72
   26   66    23   195        567     714.65       0.67       0.79
   26   66    28   509          5       8.91       0.29       0.53
   26   66    75   178         63      79.32       0.74       0.78
   26   66    85   444          7       8.31       0.60       0.77
   26   66   172   203        138     153.08       0.91       0.90
   26   66   232    54      42592   49393.62       0.84       0.86
   26   66   355   274         27      30.12       0.85       0.87
   26   66   479   420        120     138.41       0.81       0.86
   26   66   458   473         35      38.00       0.85       0.90
   26   66   567   197        109     100.07       1.19       1.08
   26   66   614    35         61      58.13       1.30       1.03
   26   66   803   506         22      25.60       0.74       0.83
   26   66   846   233        364     386.34       0.90       0.94
   28   68     8   218       4333    3995.45       1.39       1.08
   28   68    10   262         22      19.97       1.14       1.04
   28   68   136   419        799     815.06       1.23       0.98
   28   68   239   140         77      56.95       2.00       1.32
   28   68   273   168         70      50.51       2.10       1.34
   28   68   261   464         48      44.32       1.29       1.05
   28   68   289   467       1746    1563.37       1.45       1.12
   28   68   415   113       1895    1270.98       2.24       1.49
   28   68   465   150        455     343.57       2.19       1.32
   28   68   448   473        197     169.47       1.48       1.15
   28   68   520   189         26      15.63       2.21       1.52
   28   68   554   253       1251     946.85       2.17       1.32
   28   68   557   481         25      20.97       1.42       1.12
   28   68   583   329      76172   56384.26       1.93       1.35
   28   68   622    18       2885    2086.57       2.16       1.38
   28   68   611   139     142036   96413.94       2.38       1.47
   28   68   689   136       6722    4662.75       2.27       1.44
   28   68   672   174         15       9.29       1.93       1.41
   28   68   688   374         48      34.67       1.86       1.33
   28   68   709     2         40      26.95       2.27       1.40
   28   68   728   329         35      25.93       1.82       1.28
   28   68   758   479        252     215.53       1.57       1.16
   28   68   778    72      14635   11364.17       1.88       1.29
   28   68   788   336         13       8.96       1.69       1.26
   28   68   828    79         27      17.24       2.05       1.45
   28   68   826   157         12       8.44       1.75       1.22
   28   68   836    67       5716    4376.26       1.93       1.31
   28   68   844   220       1266    1119.49       1.59       1.13
   28   68   894    13        567     464.10       1.52       1.22
   28   68   906    45         11       8.02       1.43       1.19
   28   68   921   216         18      14.35       1.32       1.16
   28   68   902   331        270     238.01       1.27       1.13
   28   68   919   482        414     453.84       0.88       0.91
   28   68   954   158        918     750.06       1.50       1.22
   28   68   930   166        688     598.72       1.43       1.15
   28   68   949   227          9       8.14       1.04       0.98
   28   68   958   316       2301    2137.41       1.18       1.08
   28   68   990   183        125     122.76       1.08       1.01
   28   68   965   429         35      36.41       1.01       0.93
   28   68   986   445        455     486.32       1.01       0.93
   28   68  1005   128        683     606.29       1.39       1.12
   29   67    96    83       2055    1655.57       1.77       1.24
   29   67   129   262         20      16.49       1.35       1.13
   29   67   138   492      33996   34876.00       0.94       0.97
   29   67   291   285         61      46.64       1.79       1.27
   29   67   672   114       1411    1076.37       1.85       1.31
   29   67   694   426        130     116.42       1.34       1.11
   29   67   716   458         31      28.84       1.21       1.03
   29   67   991   425        246     258.67       0.89       0.95
   30   70   160     0        754     532.04       2.08       1.41
   30   70   332   409         95      55.72       2.65       1.66
   30   70   524   196       1222     676.65       3.71       1.80
   30   70   870   139         26      14.71       2.79       1.58
   31   69    37    84       2153    1559.76       2.16       1.38
   31   69   130   269         56      37.42       2.45       1.43
   31   69   167   245       1480     960.50       2.61       1.54
   31   69   284   441         15       8.30       2.60       1.49
   31   69   298   312         44      24.80       2.66       1.67
   31   69   323   363         21      11.32       2.79       1.61
   31   69   911   230         14       8.09       2.47       1.43
   32   72    23   113     137070   66867.14       4.28       2.05
   32   72     2   281      12157    6704.62       3.99       1.81
   32   72    39   439      10851    5878.24       3.50       1.85
   32   72    56   500      16253   10316.24       2.88       1.58
   32   72   101   305        229     105.35       5.07       2.13
   32   72   129   295        244     110.67       5.32       2.16
   32   72   148   480        130      68.96       3.77       1.83
   32   72   202   464         65      31.27       4.54       1.93
   32   72   247   388        199      95.25       5.07       2.04
   32   72   252   414        501     243.59       5.07       2.04
   32   72   297    42       2072     780.82       7.77       2.64
   32   72   294   365        124      51.48       5.74       2.30
   32   72   365   501        290     131.76       5.47       2.16
   32   72   393   486         39      16.99       4.39       2.04
   32   72   468    69       1037     361.73       8.88       2.84
   32   72   483   169       9687    3262.45       8.62       2.97
   32   72   548   492      36035   16798.39       4.55       2.14
   32   72   682   165        186      63.87       8.29       2.78
   32   72   834    37        891     367.09       6.61       2.41
   32   72   841   308         58      21.21       5.83       2.46
   32   72   901   188       5980    2675.53       5.55       2.23
   32   72   909   400        521     256.94       4.33       2.01
   32   72   936    61        505     227.07       5.02       2.20
   32   72   930   105       2132    1006.79       5.12       2.11
   32   72  1009   136       3233    1754.78       4.02       1.84
   33   71   911   409        105      61.86       3.14       1.65
   34   74   817     2     127772   32919.37       8.84       3.88
   34   74   817     3        108      25.55       8.84       3.88
   34   74   817     4        156      37.92       8.84       3.88
   34   74   817     5        720     183.24       8.84       3.88
   34   74   817     6      12506    3220.01       8.84       3.88
   34   74   988   269        367     163.45       5.31       2.21
   35   73    28   235       6513    3056.64       4.89       2.13
   35   73   290   337       1076     384.27       8.07       2.78
   36   76     9    69        470     124.80      11.49       3.67
   36   76    20   217         57      13.52      11.04       3.40
   36   76    42   374        216      61.44      10.99       3.34
   36   76    75   127        298      77.98      14.84       3.63
   36   76   155    13       1038     232.53      16.81       4.39
   36   76   226   319      11940    2881.99      18.27       4.14
   36   76   244   364       5792    1455.22      16.78       3.97
   36   76   259   255        239      48.98      20.01       4.47
   36   76   269   286         86      16.23      19.32       4.11
   36   76   311   419        714     192.06      15.82       3.64
   36   76   345   109        562     123.18      22.55       4.38
   36   76   347   224      67450   15068.63      20.77       4.47
   36   76   367   155        518     112.22      22.80       4.41
   36   76   421   379       5275    1303.13      18.35       4.03
   36   76   433   419         90      19.07      16.14       3.87
   36   76   466    54       2208     467.83      23.51       4.67
   36   76   452   362       1161     277.56      19.09       4.11
   36   76   511   283        159      31.20      23.33       4.35
   36   76   568   438       3552     906.22      16.60       3.90
   36   76   577   277         98      16.16      22.99       4.64
   36   76   654   217        142      24.34      23.64       4.86
   36   76   753   166       3090     684.69      21.26       4.48
   36   76   768   346      61475   15746.44      16.71       3.90
   36   76   812   330         56      11.22      15.27       3.63
   36   76  1022    56         57      14.57      10.29       3.21
   37   75    21   427         27       8.87       6.08       2.36
   37   75    31   493         74      32.16       5.32       2.14
   37   75    74    22        176      44.09      12.22       3.71
   37   75    64   256        108      31.63      10.71       3.08
   37   75    96    74         43       8.32      13.62       3.53
   37   75   235    40        175      34.65      19.28       4.49
   37   75   341   307        305      79.40      15.65       3.64
   37   75   510   200        193      40.12      19.60       4.32
   37   75   637    41        211      45.43      20.65       4.19
   37   75   646    87       3278     732.53      19.05       4.45
   37   75   649   189         61      10.03      19.07       4.18
   37   75   723   411        129      33.30      12.88       3.49
   37   75   809    56        550     134.05      16.91       3.98
   37   75   834   240         47       9.73      14.05       3.39
   37   75   985   318       3424    1184.37       8.90       2.88
   39   77   542   123     227767   41583.10      30.87       5.48
   39   77   690   357       1462     313.99      22.17       4.59
   39   77   841   352       3309     816.96      18.39       4.03
   41   79    81   473       2674     660.12      16.82       4.03
   41   79   450   509       3978     740.18      25.83       5.34
   42   60    94   379        114       9.79      46.09       6.94
   42   60   230   423        183      17.88      53.69       7.23
   42   60   390   468        205      21.02      54.70       7.15
   42   60   561   351        453      45.59      71.59       8.37
   42   60   698   358        291      29.10      61.10       7.90
   42   60   826   511       1342     208.41      36.76       6.26
   42   60   905   233        121      10.13      48.09       7.19
   43   61    48   244       1158     194.25      32.10       5.80
   43   61    77   297        185      28.89      31.92       5.30
   43   61    99   126        172      17.75      43.72       7.23
   43   61   280   162       1219     143.80      60.18       8.06
   43   61   272   297        230      25.51      48.04       7.13
   43   61   306   234        312      31.47      59.38       8.03
   43   61   369   196       1575     177.51      66.35       8.50
   43   61   632   171       1214     131.90      65.62       8.71
   43   61   955   480       4346     848.83      26.08       5.09
   43   61   962   379       2296     261.88      28.64       8.66
   44   56    41   117        358      94.68      14.74       3.63
   44   56    63   477        152      45.13      10.41       3.14
   44   56    72    63         48       8.15      16.44       3.87
   44   56    88   218        207      47.09      16.54       4.04
   44   56   237   321     345788   81397.02      19.03       4.25
   44   56   271   126        205      25.53      21.92       7.17
   44   56   272   259        221      31.03      19.63       6.49
   44   56   287   284        209      29.18      19.63       6.49
   44   56   259   393        475      78.04      17.48       5.86
   44   56   283   496       1661     337.84      13.48       4.88
   44   56   326    11        128      18.89      25.42       5.43
   44   56   380   185         99      14.60      25.49       5.04
   44   56   454   394        547     123.85      19.30       4.26
   44   56   499   204       1515     298.32      27.77       4.99
   44   56   532    63        282      28.83      33.78       8.61
   44   56   542   343        558     117.44      22.51       4.56
   44   56   625   246        196      33.65      26.22       5.05
   44   56   639   438        191      43.81      17.84       3.95
   44   56   621   494         81      17.52      15.66       3.73
   44   56   640   280      15136    3306.92      23.37       4.57
   44   56   741   125        207      33.31      27.08       5.40
   44   56   786    51        180      31.63      24.45       4.92
   44   56   805   372         46       8.56      14.83       3.64
   44   56   806   498        188      53.83      11.66       3.28
   44   56   880   227         69      13.73      16.61       3.82
   44   56   895   331        489     129.85      14.77       3.65
   44   56   888   425       2640     765.39      11.49       3.43
   44   56   910   115         56       9.90      16.46       4.00
   44   56   971   121        234      63.78      13.90       3.45
   44   56   964   215         92      22.85      12.56       3.48
   45   59   283   235        738     179.41      16.98       4.02
   45   59   358    62        366      62.98      29.83       5.34
   45   59   520    52         73      15.00      15.61       3.82
   45   59   526   259       1475     329.19      18.77       4.42
   45   59   742   244      12223    2918.57      17.69       4.18
   45   59   773   331      12834    3536.54      14.71       3.62
   46   58   934   142      12941    1932.64      43.16       6.67
   47   57    23   156        639      95.71      33.86       6.32
   47   57     8   229        824     132.70      31.35       5.97
   47   57     9   232        511      80.30      31.35       5.97
   47   57    24   478         71       9.75      21.82       5.05
   47   57    22   502        212      40.50      20.68       4.72
   47   57    37    26        322      37.46      39.07       7.55
   47   57    40    20        347      40.77      39.07       7.55
   47   57    50   132        160      19.74      40.00       6.08
   47   57    40   453         76      10.05      26.09       4.97
   47   57    90    58        196      12.66      41.85      12.18
   47   57    90   368        236      20.76      32.45       9.81
   47   57    77   471        101       9.00      26.95       8.23
   47   57   112    75       1078     136.13      50.35       7.55
   47   57   151   335       4947     778.38      41.91       6.30
   47   57   168   331      12942    1894.57      44.03       6.81
   47   57   180   380        438      61.74      41.63       6.42
   47   57   254   147       8518     990.67      67.54       8.53
   47   57   285   209        265      23.71      64.56       8.45
   47   57   287   297       1145     148.09      56.16       7.35
   47   57   333   319        271      26.96      60.01       7.83
   47   57   351   332        215      21.39      57.89       7.34
   47   57   378   404        115       8.81      52.04       7.14
   47   57   387    39       1430     110.64     112.97      11.90
   47   57   424   216        353      29.64      75.66       9.36
   47   57   430   389        304      35.38      53.52       7.08
   47   57   416   473        501      60.99      48.06       7.43
   47   57   448   117        438      35.32      84.77      10.00
   47   57   470   171       2324     235.75      80.93       9.51
   47   57   451   439     116591   15596.89      51.54       7.47
   47   57   489   400        178      16.10      54.59       7.66
   47   57   515   495        303      38.16      43.12       6.81
   47   57   549   103       1103     111.72      75.28       9.20
   47   57   546   162        408      34.88      75.71       9.53
   47   57   582   106        418      36.66      77.74       9.28
   47   57   600   190        824      82.44      74.20       9.10
   47   57   638    26        234      13.19      74.53      12.09
   47   57   620   497        398      52.91      43.39       6.70
   47   57   695   139        195      14.21      71.93       8.66
   47   57   677   442        374      46.87      49.81       6.92
   47   57   757   232       3235     384.34      61.69       8.26
   47   57   794   325       1332     172.07      54.49       7.42
   47   57   800   100       1553     189.19      63.14       7.87
   47   57   804   269       4975     667.17      54.19       7.38
   47   57   824   468        473      67.34      40.82       6.42
   47   57   851   168        181      15.67      57.20       7.90
   47   57   875   408      11165    1598.11      42.53       6.96
   47   57   917   214        290      33.42      48.97       7.21
   47   57   927   293        178      19.94      44.91       6.67
   47   57   973    62        136      12.99      42.26       7.22
   47   57   960   228       2305     350.91      36.41       6.46
