    0   40    65   253        163     174.17       0.91       0.93
    0   40   275   397        137     130.36       1.04       1.04
    0   40   318   215        706     566.96       1.63       1.24
    0   40   365   210      18263   13802.52       1.93       1.32
    0   40   422   446        102      89.11       1.40       1.13
    0   40   728   106       4327    3158.74       2.21       1.37
    0   40   797   184        303     216.31       2.10       1.39
    0   40  1017    64        777     804.61       1.10       0.96
    1   39    14    77        135     140.43       1.06       0.95
    1   39     2   492        534     614.79       0.85       0.87
    1   39    77    27         32      27.00       1.31       1.14
    1   39    70   328        118     122.06       0.96       0.96
    1   39   281   422       8691    8432.84       1.28       1.03
    1   39   302   269         14       9.33       1.40       1.35
    1   39   414   482      10365    9473.54       1.33       1.09
    1   39   435   455        109     100.28       1.22       1.07
    1   39   462   409         24      20.51       1.44       1.10
    1   39   585    48        178     125.53       2.06       1.40
    1   39   585   444         16      13.88       1.30       1.06
    1   39   671    75       1574    1215.30       2.03       1.29
    1   39   673   399        511     434.08       1.39       1.17
    1   39   755   219         39      30.16       1.59       1.24
    1   39   791   282       1574    1289.52       1.50       1.22
    1   39   891   153        936     823.07       1.42       1.14
    1   39   864   207      52366   51217.72       1.15       1.02
    1   39   929    54         93      90.72       1.09       1.01
    2   42    31   424         16      15.55       0.99       0.97
    2   42    95    23       9556    7252.50       1.85       1.32
    2   42   171   330        269     203.85       1.84       1.31
    2   42   200    84       1258     791.66       2.76       1.59
    2   42   242   357         98      67.70       2.07       1.42
    2   42   463   462       1704    1195.18       2.27       1.42
    2   42   608   105        743     399.41       3.79       1.85
    2   42   708   244        101      57.79       3.34       1.69
    2   42   939   172       2985    2072.51       2.24       1.44
    3   41   259   175        258     143.21       3.50       1.78
    3   41   611   107        760     408.14       4.06       1.85
    3   41   786   403      20986   15753.07       2.09       1.33
    4   44     5   260      11958    8580.71       1.97       1.39
    4   44    50   333       1672    1115.44       2.44       1.50
    4   44   253     9        348     146.26       5.39       2.34
    4   44   229   155         47      18.86       5.55       2.20
    4   44   468   141       1181     450.88       7.51       2.60
    4   44   991   110        105      54.48       4.16       1.85
    5   43    80     7       8292    3637.50       5.24       2.28
    5   43    65   482      14224    9473.71       2.77       1.50
    5   43   240   247         35      11.51       6.53       2.47
    5   43   298   498         43      21.36       3.75       1.84
    5   43   398   242         52      17.56       7.59       2.53
    5   43   469    55     607204  201970.11       9.36       3.01
    5   43   500   254         31       8.65       8.01       2.66
    5   43   545   229         72      23.86       7.96       2.68
    5   43   583   139       2738     940.68       8.70       2.90
    5   43   660     1       1041     375.77       8.44       2.75
    5   43   658    95        148      49.06       8.38       2.85
    5   43   673   161         84      29.02       7.21       2.65
    5   43   703   412         65      26.59       5.27       2.25
    5   43   717    20         79      25.82       7.55       2.77
    5   43   728    74       1336     513.01       7.12       2.59
    5   43   712   505         86      43.19       3.59       1.91
    5   43   758   201         73      29.74       6.00       2.25
    5   43   757   276        366     161.35       5.40       2.23
    5   43   803   338       1661     914.03       3.54       1.81
    5   43   933    55         48      25.32       3.49       1.76
    5   43   996   223        155     100.32       2.61       1.52
    6   46    50   273         61      30.29       3.68       1.89
    6   46    80   383        459     246.84       3.84       1.84
    6   46   157   419        463     229.93       4.32       1.99
    6   46   299   242         50      13.52       9.94       2.96
    6   46   348   128        626     191.80      11.75       3.20
    6   46   497   267       1206     369.21      11.52       3.24
    6   46   503   333       6496    2161.64       9.96       3.00
    6   46   534   388         66      20.77       9.22       2.73
    6   46   817    67        470     152.46      11.46       3.01
    6   46   870    36         63      19.38       9.45       2.76
    6   46   958   348       3746    1502.51       6.27       2.49
    7   45   437   254         47       9.82      12.88       3.47
    7   45   673   297        268      93.09       8.97       2.78
    7   45   674   297        155      52.48       8.97       2.78
    9   47   721   489         50      11.91       8.40       3.49
    9   47   763    11      40373    7878.03      21.35       5.12
   10   50     2   131       7905    2447.92      10.74       3.22
   10   50    17   315         33       9.04       8.11       2.75
   10   50    28   389        475     183.86       6.66       2.55
   10   50    33    53        149      39.44      13.04       3.45
   10   50   501   507        893     205.66      19.34       4.25
   10   50   535   118        673      91.65      45.51       6.85
   10   50   538   437        518     101.32      24.06       4.88
   10   50   724   166       1218     195.80      39.13       6.02
   10   50   772   184        551      88.83      34.89       5.81
   10   50   865   422         82      17.35      16.37       3.78
   10   50  1008   265        225      43.72      12.89       4.85
   12   52    12   200       2340     652.82      12.16       3.57
   13   51   311   194       1489     174.65      59.57       8.18
   13   51   753    64        117       8.15      55.00       7.61
   13   51   967   328       9733    2816.01      13.26       3.45
   14   54   215   351        922     140.42      36.43       6.31
   14   54   514     7       1375      67.60     108.61      18.73
   14   54   736    79       1052      92.22      93.74      10.39
   14   54   740   428       2120     281.97      51.80       7.33
   14   54   959   290        108      10.75      42.49       6.10
   15   53    23    90      13172    1929.26      40.75       6.81
   15   53   232   328        724      76.00      65.73       8.66
   15   53   862     9       1026      91.74      53.23      10.60
   16   38    37   330         86      13.56      21.81       4.73
   16   38   211    35       4203     392.59      82.17      10.50
   16   38   865   136       2010     190.70      82.63      10.11
   17   55   392   482        113       8.66      44.31       7.93
   18   36   213    28       1338      92.44      78.08      13.63
   18   36   377   495        753      88.21      42.33       8.06
   18   36   400   345        813      70.63      86.85      10.28
   18   36   530   141      50908    3674.64     142.97      13.81
   18   36   763   443        944     100.49      65.15       8.75
   19   37   198   142       4379     367.21     115.56      11.61
   19   37   634   198       2309     153.83     146.05      14.06
   20   32   156   113         40      22.02       2.98       1.68
   20   32   144   383         41      30.05       1.81       1.30
   20   32   273   445      89702   57498.39       2.62       1.56
   20   32   970   461       1063     873.79       1.60       1.21
   21   35   410   317        234     102.74       5.56       2.22
   21   35   459   228        203      80.53       6.66       2.44
   22   34   504   376     112860   15463.83      49.72       7.30
   23   33   191    93       1256     155.27      55.01       7.73
   23   33   316   305      16420    2088.75      56.49       7.83
   23   33   731   471      18765    3977.21      25.24       4.71
   23   33   954    14        120      19.41      21.44       5.08
   24   64   225   333        182     196.66       0.94       0.92
   24   64   863   174         12      14.24       0.76       0.79
   24   64   934   275          7       8.81       0.55       0.73
   24   64   994   105          6       8.17       0.47       0.68
   25   63   269    30        141     134.11       1.25       1.04
   25   63   533   308        174     145.76       1.48       1.18
   25   63   623   142         15      10.47       1.76       1.27
   25   63   848   347        884     858.25       1.13       1.03
   25   63   873    14         22      17.14       1.40       1.20
   25   63   956   220        112     106.72       1.16       1.04
   25   63   948   441        951    1267.28       0.64       0.75
   26   66    23   195        362     327.16       1.37       1.10
   26   66    75   178         41      30.45       1.85       1.29
   26   66   172   203         76      47.46       2.51       1.55
   26   66   232    54      33793   21169.84       2.83       1.60
   26   66   355   274         23      12.18       2.83       1.66
   26   66   479   420         71      50.48       1.90       1.37
   26   66   458   473         24      15.40       1.87       1.44
   26   66   567   197         91      50.99       3.18       1.72
   26   66   614    35         59      33.11       3.12       1.69
   26   66   803   506         15      12.34       1.35       1.11
   26   66   846   233        272     219.72       1.78       1.23
   28   68     8   218       2956    1896.08       2.76       1.56
   28   68    10   262         19      10.81       2.52       1.53
   28   68   136   419        559     319.59       3.10       1.74
   28   68   239   140         57      24.32       4.95       2.14
   28   68   273   168         55      22.15       5.56       2.23
   28   68   289   467       1128     679.17       3.17       1.66
   28   68   415   113       1209     475.53       6.68       2.53
   28   68   465   150        283     114.44       6.36       2.42
   28   68   448   473        155      89.58       3.35       1.69
   28   68   554   253        848     380.35       5.56       2.21
   28   68   557   481         22      10.97       3.08       1.72
   28   68   583   329      51961   25153.97       4.78       2.07
   28   68   622    18       1967     793.23       6.50       2.47
   28   68   611   139      96576   41290.80       5.69       2.34
   28   68   689   136       4385    1818.63       5.53       2.41
   28   68   688   374         37      18.23       3.84       1.82
   28   68   709     2         38      13.44       5.75       2.40
   28   68   728   329         24       9.84       4.11       2.02
   28   68   758   479        180     118.70       2.51       1.50
   28   68   778    72       9742    5072.34       4.33       1.92
   28   68   828    79         26      11.53       3.86       1.92
   28   68   836    67       3943    2224.94       3.74       1.77
   28   68   844   220        846     470.93       3.62       1.79
   28   68   894    13        407     236.72       3.10       1.71
   28   68   921   216         16       9.06       2.54       1.49
   28   68   902   331        186     129.02       2.08       1.43
   28   68   919   482        245     201.37       1.54       1.21
   28   68   954   158        599     396.79       2.50       1.50
   28   68   930   166        451     314.98       2.45       1.42
   28   68   958   316       1600    1196.08       2.18       1.34
   28   68   990   183         99      69.46       2.06       1.40
   28   68   965   429         18      13.76       1.55       1.20
   28   68   986   445        295     245.48       1.55       1.20
   28   68  1005   128        428     315.79       2.07       1.35
   29   67    96    83       1416     917.29       2.74       1.54
   29   67   138   492      23244   19719.36       1.51       1.18
   29   67   291   285         37      17.11       4.06       1.93
   29   67   672   114        896     412.27       5.48       2.16
   29   67   694   426         76      38.44       3.66       1.88
   29   67   716   458         27      14.57       3.15       1.64
   29   67   991   425        190     141.67       2.08       1.33
   30   70   160     0       1883     736.86       5.71       2.55
   30   70   332   409         70      26.39       6.31       2.41
   30   70   524   196        787     263.45       9.77       2.95
   31   69    37    84       1457     754.05       3.92       1.93
   31   69   130   269         30      13.10       4.46       1.95
   31   69   167   245       1001     475.01       5.15       2.10
   31   69   298   312         50      14.96       6.38       2.92
   32   72    23   113      93113   28630.53       9.68       3.25
   32   72     2   281       8430    3096.76       8.66       2.72
   32   72    39   439       7822    3263.50       6.75       2.39
   32   72    56   500      11094    5030.64       5.28       2.20
   32   72   101   305        160      46.52      12.03       3.18
   32   72   129   295        186      49.50      12.28       3.51
   32   72   148   480        101      35.04       7.39       2.67
   32   72   202   464         73      21.83       9.61       2.90
   32   72   247   388        154      41.79      12.37       3.39
   32   72   252   414        481     138.27      12.37       3.39
   32   72   297    42       1366     319.58      21.03       4.21
   32   72   294   365         98      24.13      14.88       3.44
   32   72   365   501        223      69.02      10.56       3.08
   32   72   393   486         41       9.70      10.75       3.12
   32   72   468    69        737     140.26      24.91       5.08
   32   72   483   169       7021    1522.52      22.78       4.60
   32   72   548   492      25687    9129.29       8.97       2.81
   32   72   682   165        151      28.93      19.55       4.54
   32   72   834    37        637     191.65      12.31       3.26
   32   72   841   308         51      14.40       9.46       2.88
   32   72   901   188       4187    1392.58       9.50       3.00
   32   72   909   400        343     137.45       6.16       2.45
   32   72   936    61        383     140.18       9.04       2.67
   32   72   930   105       1446     534.90       8.15       2.69
   32   72  1009   136       2222     935.55       5.97       2.37
   33   71   774   395         81      18.84       9.31       3.80
   33   71   911   409         67      24.17       6.65       2.50
   34   74   817     2      91339   13922.51      17.14       6.56
   34   74   817     3        185      25.59      17.14       6.56
   34   74   817     4        429      62.79      17.14       6.56
   34   74   817     5        792     118.13      17.14       6.56
   34   74   817     6       9284    1412.78      17.14       6.56
   34   74   988   269        234      89.16       7.19       2.54
   35   73    28   235       4611    1833.54       6.56       2.51
   35   73   290   337        766     205.18      15.31       3.66
   36   76     9    69        326      62.11      23.10       4.88
   36   76    20   217         63       8.59      21.23       4.86
   36   76    42   374        145      29.71      19.30       4.23
   36   76    75   127        256      39.16      33.19       5.69
   36   76   155    13        771      91.11      40.37       8.02
   36   76   226   319       8190    1243.70      41.68       6.55
   36   76   244   364       3983     670.46      36.33       5.89
   36   76   259   255        136      12.13      48.53       7.21
   36   76   269   286        115       9.89      47.06       6.87
   36   76   311   419        521      91.24      33.00       5.35
   36   76   345   109        284      29.24      60.61       7.64
   36   76   347   224      39382    5386.37      53.81       7.30
   36   76   367   155        329      34.20      62.34       7.80
   36   76   421   379       3633     571.27      44.80       6.28
   36   76   433   419         90       9.43      35.38       5.79
   36   76   466    54       1556     179.00      65.79       8.33
   36   76   452   362        856     121.29      43.92       6.70
   36   76   511   283        140      11.33      55.33       7.47
   36   76   568   438       2433     412.13      34.28       5.82
   36   76   654   217        126       9.92      52.38       7.42
   36   76   753   166       2108     309.86      43.24       6.66
   36   76   768   346      41515    7672.92      28.01       5.41
   36   76  1022    56         49       9.37      14.32       3.70
   37   75    31   493         37      13.85       5.51       2.27
   37   75    74    22        160      31.08      18.01       4.57
   37   75    64   256         74      15.07      14.15       3.97
   37   75   235    40        140      14.67      39.07       6.88
   37   75   341   307        203      30.45      32.47       5.60
   37   75   510   200        150      13.21      50.62       7.52
   37   75   637    41        184      16.65      56.79       7.64
   37   75   646    87       3528     450.17      53.48       7.72
   37   75   723   411         98      12.79      29.80       5.33
   37   75   809    56        380      49.68      43.88       6.77
   37   75   985   318       2232     505.95      18.92       4.37
   39   77   542   123     155473   16716.85      79.64       9.30
   39   77   690   357       1058     140.13      50.56       7.19
   39   77   841   352       2252     355.16      38.87       6.23
   41   79    81   473       1820     454.42      14.38       3.97
   41   79   450   509       2697     331.92      44.06       7.99
   42   60   230   423        159       8.49      77.14       9.64
   42   60   390   468        181      10.34      81.06       9.67
   42   60   561   351        351      18.18     124.20      12.47
   42   60   698   358        217      12.68      88.05      10.17
   42   60   826   511        925     139.97      32.54       6.38
   43   61    48   244        790     138.08      25.08       5.54
   43   61    77   297        144      22.18      27.26       5.26
   43   61    99   126        147      14.07      47.35       7.08
   43   61   280   162        896      74.33      91.61      10.82
   43   61   272   297        194      13.23      69.90       9.38
   43   61   306   234        265      16.08      91.31      10.80
   43   61   369   196       1122      76.86     113.56      13.12
   43   61   632   171       1046      63.48     143.37      14.22
   43   61   955   480       3067     492.45      32.32       6.16
   43   61   962   379       1605     131.00      40.17      11.95
   44   56    41   117        218      57.47      14.15       3.55
   44   56    63   477         96      34.54       6.56       2.59
   44   56    88   218        110      27.21      14.03       3.53
   44   56   237   321     234279   52988.83      20.09       4.42
   44   56   271   126        136      12.41      28.30       8.68
   44   56   272   259        139      15.42      23.31       7.50
   44   56   287   284        125      13.55      23.31       7.50
   44   56   259   393        326      58.17      15.12       5.34
   44   56   283   496       1140     265.41      10.80       4.25
   44   56   326    11        119      11.96      34.68       7.05
   44   56   380   185         85       9.00      33.49       5.72
   44   56   454   394        369      76.90      20.34       4.53
   44   56   499   204        929     151.37      36.20       5.90
   44   56   532    63        215      20.44      43.01       8.42
   44   56   542   343        395      74.72      25.46       4.95
   44   56   625   246        152      21.42      29.12       5.74
   44   56   639   438        135      30.55      15.52       3.91
   44   56   621   494         58      15.58      10.88       3.02
   44   56   640   280      10297    2062.97      24.09       4.98
   44   56   741   125        142      23.70      25.08       4.93
   44   56   786    51        129      24.56      21.68       4.37
   44   56   805   372         48      12.71      10.33       2.97
   44   56   806   498        131      50.87       6.15       2.45
   44   56   880   227         45      11.47      10.54       3.01
   44   56   895   331        336     124.04       8.18       2.64
   44   56   888   425       1784     782.45       5.64       2.27
   44   56   971   121        167      68.69       6.42       2.34
   44   56   964   215         70      27.15       6.33       2.34
   45   59   283   235        517     130.59      14.90       3.84
   45   59   358    62        259      39.71      32.64       5.70
   45   59   520    52         67       8.48      24.55       5.00
   45   59   526   259       1032     207.55      23.29       4.86
   45   59   742   244       8379    1785.60      22.33       4.68
   45   59   773   331       9970    2600.83      16.98       3.83
   46   58   934   142       8844    1504.20      32.52       5.86
   47   57    23   156        516     107.56      20.91       4.60
   47   57     8   229        570     120.95      18.56       4.56
   47   57     9   232        406      84.98      18.56       4.56
   47   57    24   478         48      13.07       9.67       2.93
   47   57    22   502        224      74.80       8.71       2.88
   47   57    37    26        222      30.45      28.61       6.35
   47   57    40    20        232      32.02      28.61       6.35
   47   57    50   132         82      10.56      27.30       5.18
   47   57    90    58        158      11.92      34.28      10.38
   47   57    90   368        128      15.37      20.69       6.98
   47   57    87   493         60      10.07      12.43       4.72
   47   57   112    75        405      52.87      42.33       6.86
   47   57   151   335       3419     569.80      32.43       5.94
   47   57   168   331       8905    1356.21      37.86       6.54
   47   57   180   380        336      51.07      34.69       5.90
   47   57   254   147       5814     561.96      77.54      10.21
   47   57   285   209        205      13.87      77.79       9.17
   47   57   287   297        819      89.21      61.78       8.49
   47   57   333   319        231      16.08      76.33       9.62
   47   57   351   332        181      11.90      70.54       9.28
   47   57   387    39       1052      56.47     167.63      15.66
   47   57   424   216        338      19.12     118.25      11.49
   47   57   430   389        216      16.92      69.31       8.67
   47   57   416   473        387      42.33      54.39       7.86
   47   57   448   117        350      15.33     141.35      13.61
   47   57   470   171       1620     117.75     130.31      12.65
   47   57   451   439      79699    9377.08      66.95       8.49
   47   57   515   495        231      22.72      51.42       7.90
   47   57   549   103        731      45.06     135.45      13.22
   47   57   546   162        359      18.50     132.20      12.26
   47   57   582   106        398      19.54     135.91      13.41
   47   57   600   190       1382     102.01     128.93      12.28
   47   57   620   497        394      45.14      52.50       7.57
   47   57   677   442        262      20.17      70.26       9.50
   47   57   757   232       2134     192.37      99.82      10.57
   47   57   794   325        945      94.21      77.92       9.20
   47   57   800   100       1059      83.56     103.81      11.43
   47   57   804   269       3563     353.01      83.31       9.86
   47   57   824   468        340      42.16      49.10       6.90
   47   57   851   168        201      10.29      89.56      10.83
   47   57   875   408       7615    1020.12      50.30       7.42
   47   57   917   214        254      22.60      67.50       8.25
   47   57   927   293        144      10.66      58.41       8.03
   47   57   973    62        121       8.41      53.01       8.08
   47   57   960   228       1519     204.15      45.62       7.22
