    0   40    65   253        336     139.61       6.41       2.36
    0   40   275   397        328     112.41       9.05       2.84
    0   40   318   215       2977     724.55      15.09       4.09
    0   40   365   210      42973   10824.71      16.98       3.97
    0   40   387   456         37       9.79       9.13       2.85
    0   40   422   446        201      65.03      10.40       2.93
    0   40   728   106      10299    2632.45      15.38       3.91
    0   40   797   184        650     187.16      13.25       3.40
    0   40  1017    64       1808     703.73       6.60       2.56
    1   39    14    77        345     143.53       5.97       2.36
    1   39     2   492       1510     877.02       2.90       1.72
    1   39    77    27         70      23.13       7.21       2.71
    1   39    70   328        241     103.76       5.52       2.27
    1   39   281   422      20307    8199.57       7.03       2.48
    1   39   414   482      24685    9696.73       7.15       2.54
    1   39   435   455        246      91.84       7.33       2.60
    1   39   462   409         79      21.54      10.56       3.18
    1   39   585    48        487      99.60      23.07       4.66
    1   39   585   444         47      13.19       8.91       2.89
    1   39   671    75       1926     449.05      19.65       4.25
    1   39   673   399       1135     401.49       8.44       2.81
    1   39   755   219         98      26.49      12.23       3.24
    1   39   791   282       3747    1255.08       9.97       2.98
    1   39   891   153       2268     822.27       8.25       2.75
    1   39   864   207     123281   45343.85       7.72       2.72
    1   39   929    54        232      89.36       7.14       2.52
    2   42     2   277         85      29.03       7.26       2.68
    2   42    31   424         27       9.53       5.23       2.28
    2   42    95    23      23560    6470.41      11.59       3.64
    2   42   171   330        588     165.01      12.41       3.49
    2   42   200    84       2988     663.29      21.34       4.47
    2   42   242   357        261      66.14      14.38       3.73
    2   42   463   462       4238    1112.89      15.06       3.79
    2   42   608   105       1759     309.13      31.61       5.59
    2   42   708   244        271      49.03      24.17       5.03
    2   42   939   172       7884    2287.36      12.59       3.44
    3   41   163   501         44      13.87       8.48       2.56
    3   41   259   175        720     132.81      25.53       5.23
    3   41   611   107       1952     308.05      42.48       6.20
    3   41   786   403      49392   13814.35      12.91       3.57
    4   44     5   260      28540    6943.04      10.55       4.11
    4   44    50   333       4333    1266.05      11.24       3.41
    4   44   253     9        855      90.44      46.86       8.94
    4   44   229   155        146      14.20      42.91       7.26
    4   44   468   141       2758     308.13      76.34       8.70
    4   44   991   110        307      65.83      19.84       4.36
    5   43    80     7      20379    3275.58      27.46       6.21
    5   43    65   482      35647   11976.97      10.52       2.98
    5   43   240   247        109      10.53      40.42       6.51
    5   43   298   498        117      22.74      19.92       4.27
    5   43   398   242        143      11.39      58.01       7.46
    5   43   469    55 1.43082e+06  146720.07      81.86       9.75
    5   43   545   229        244      22.22      70.16       7.82
    5   43   583   139       6775     701.24      85.38       9.54
    5   43   660     1       2553     175.42      87.95      14.05
    5   43   658    95        422      34.83      85.71       9.66
    5   43   673   161        231      18.34      65.35       9.03
    5   43   703   412        161      21.65      34.28       5.85
    5   43   703   414         86       8.84      34.28       5.85
    5   43   717    20        262      16.98      67.40      11.46
    5   43   728    74       1495     162.11      66.36       8.81
    5   43   712   505        215      44.96      18.96       4.36
    5   43   758   201        239      25.09      49.23       7.56
    5   43   757   276        941     125.81      41.28       7.15
    5   43   803   338       4006     812.86      25.28       4.90
    5   43   933    55        130      24.54      20.77       4.45
    5   43   996   223        350      97.99      12.59       3.44
    6   46    50   273        159      32.96      19.72       4.23
    6   46    80   383       1010     235.11      19.36       4.21
    6   46   157   419       1054     215.64      21.19       4.79
    6   46   299   242        199      13.05      78.02       9.27
    6   46   348   128       1514     121.95     108.65      11.52
    6   46   497   267       2647     235.62     105.17      10.79
    6   46   503   333      15218    1623.32      87.80       9.32
    6   46   534   388        183      13.68      67.56       8.44
    6   46   817    67       1132     114.25      69.83       9.30
    6   46   870    36        166      15.89      54.50       7.02
    6   46   958   348       8848    1638.44      29.58       5.38
    7   45   673   297        926      92.54      76.17       9.18
    7   45   674   297        803      79.15      76.17       9.18
    9   47   763    11      95958    3351.22     169.04      28.58
   10   50     2   131      18737    2607.19      38.37       7.17
   10   50    17   315         91      10.41      30.75       5.79
   10   50    28   389       1405     271.70      24.28       5.08
   10   50    33    53        352      38.11      50.99       7.90
   10   50   187   500        110       9.13      43.63       7.27
   10   50   501   507       2259     163.21     105.33      13.20
   10   50   535   118       1795      49.03     380.34      28.85
   10   50   538   437       1380      69.66     156.12      17.57
   10   50   724   166       1614      66.52     239.48      20.66
   10   50   772   184       1523      75.45     194.54      17.61
   10   50   865   422        159       9.50      68.05       9.58
   10   50  1008   265        597      46.60      43.90      11.87
   12   52    12   200       6385     925.10      35.35       6.86
   13   51    50   438        106       9.28      37.19       7.42
   13   51   311   194       3838     129.43     317.61      27.20
   13   51   967   328      23023    3323.03      37.65       6.92
   14   54   215   351       2320     106.57     155.09      20.31
   14   54   514     7       4041      23.29     834.26     137.69
   14   54   736    79       2669      61.37     447.44      36.20
   14   54   740   428       5296     236.59     191.76      21.57
   14   54   959   290        273       8.27     132.64      16.96
   15   53    23    90      30416    2166.26      95.79      14.00
   15   53    66   333        280      12.71     106.77      13.63
   15   53   232   328       2016      75.66     241.20      23.46
   15   53   862     9       2463      58.05     224.13      38.57
   16   38   211    35       9397     228.99     349.80      39.51
   16   38   865   136       4967     177.19     262.67      26.55
   18   36   213    28       3037      63.58     255.61      43.74
   18   36   377   495       8183     400.54     112.23      20.15
   18   36   400   345       2085      47.47     407.58      35.34
   18   36   530   141     123181    2653.27     687.65      46.17
   18   36   763   443       2204     120.09     151.50      17.09
   19   37   198   142      10941     359.82     336.99      29.47
   19   37   634   198       5951      91.09     815.83      56.38
   19   37   941   331         96       8.34      39.52       6.77
   20   32    91   388         24      18.27       1.56       1.23
   20   32    99   201         18       9.15       2.82       1.66
   20   32   156   113        107      47.77       4.44       2.15
   20   32   144   383         91      63.19       2.40       1.40
   20   32   273   445     216254  114234.24       4.12       1.89
   20   32   278   491         16       8.27       2.66       1.61
   20   32   420   415         60      14.56       8.59       3.53
   20   32   767    88         68      16.39      12.47       3.39
   20   32   970   461       2620    2424.90       1.34       1.08
   21   35   410   317        366     103.05      11.07       3.44
   21   35   459   228        393      96.79      15.67       3.90
   22   34   504   376     262512   16031.34     161.62      16.36
   22   34   933   129        132       9.02      51.13       8.97
   23   33   191    93       2691     208.66     107.46      12.38
   23   33   316   305      37658    2780.56     123.51      13.50
   23   33   731   471      48022    5231.46      48.55       9.17
   23   33   954    14        215      31.00      24.37       6.15
   24   64   225   333        446     190.31       5.81       2.31
   24   64   863   174         25       8.01       5.95       2.38
   25   63   269    30        359      92.64      11.79       3.75
   25   63   533   308        378     107.29      11.98       3.41
   25   63   623   142         77      17.14      14.10       3.67
   25   63   848   347       2014     797.33       7.12       2.52
   25   63   873    14         65      18.63       8.25       3.05
   25   63   956   220        264     104.20       6.37       2.47
   25   63   948   441       2248    1178.35       4.16       1.90
   26   66    23   195        925     340.85       7.42       2.69
   26   66    75   178        128      36.99      10.32       3.18
   26   66   172   203        192      49.81      13.95       3.57
   26   66   232    54      46890   10824.75      20.23       4.33
   26   66   355   274         62       9.56      20.36       4.35
   26   66   479   420        175      34.87      12.59       4.66
   26   66   458   473         74      14.98      11.30       4.18
   26   66   567   197        209      34.27      28.88       5.26
   26   66   614    35        155      20.16      34.00       6.00
   26   66   803   506         42      13.33       7.14       2.61
   26   66   846   233        352      98.14      12.82       3.46
   28   68     8   218       5485    1416.82      13.12       3.86
   28   68    10   262         59      14.07      11.80       3.35
   28   68   136   419       1301     353.65      13.04       3.64
   28   68   239   140        141      19.75      33.64       5.44
   28   68   273   168        145      17.48      34.94       6.30
   28   68   261   464         53      10.21      14.83       3.74
   28   68   289   467       2743     736.92      16.66       3.70
   28   68   415   113       3076     436.93      52.14       6.92
   28   68   465   150        715      88.55      55.18       7.45
   28   68   448   473        374      79.60      21.12       4.43
   28   68   554   253       1924     262.11      50.41       7.15
   28   68   557   481         66      11.74      18.27       4.06
   28   68   583   329     124411   20916.86      36.86       5.95
   28   68   622    18       4744     384.07      68.17      12.17
   28   68   611   139     227060   27565.72      59.85       8.23
   28   68   689   136      10612    1450.08      50.68       7.28
   28   68   672   174        107       9.10      46.29       6.67
   28   68   688   374        115      16.85      27.03       5.22
   28   68   709     2        126       8.16      49.69       9.35
   28   68   728   329         91      11.00      28.66       5.67
   28   68   758   479        477     120.46      15.27       3.83
   28   68   778    72      23337    3952.35      36.61       5.90
   28   68   836    67       9546    1818.03      26.50       5.24
   28   68   844   220       2017     417.50      23.15       4.78
   28   68   894    13        905     157.12      23.12       5.61
   28   68   902   331        477     142.07      12.86       3.27
   28   68   919   482        657     211.79       8.53       3.06
   28   68   954   158       1480     377.85      16.29       3.87
   28   68   930   166       1144     281.91      14.72       4.01
   28   68   958   316       3798    1166.15      11.98       3.25
   28   68   990   183        226      64.62      12.50       3.30
   28   68   965   429         54      17.32       8.08       2.65
   28   68   986   445        864     322.87       8.08       2.65
   28   68  1005   128       1096     315.68      11.07       3.44
   29   67    96    83       3267     745.91      18.31       4.36
   29   67   138   492      54560   18821.67       9.03       2.90
   29   67   291   285        110      13.26      33.14       5.80
   29   67   672   114       2277     342.31      42.76       6.53
   29   67   694   426        243      47.83      22.50       4.61
   29   67   716   458         62       9.81      19.18       4.37
   29   67   991   425        418     126.22      10.87       3.23
   30   70   160     0       7715     842.45      33.45       9.12
   30   70   332   409        195      25.75      36.09       6.17
   30   70   524   196       1881     174.23      91.02      10.27
   30   70   870   139         84       8.12      35.05       6.03
   31   69    37    84       3041     680.09      20.48       4.44
   31   69   130   269         94      11.55      28.19       5.70
   31   69   167   245       2337     371.15      35.43       6.20
   32   72    23   113     218712   30128.66      38.25       7.26
   32   72     2   281      19449    3130.34      31.90       6.20
   32   72    39   439      16786    3217.59      23.50       5.21
   32   72    56   500      25936    6220.76      19.28       4.17
   32   72   101   305        390      45.99      51.05       7.37
   32   72   129   295        495      50.43      59.42       8.64
   32   72   148   480        257      43.72      25.74       5.29
   32   72   202   464        132      14.44      39.18       6.43
   32   72   247   388        356      35.36      57.23       8.45
   32   72   252   414        782      85.77      57.23       8.45
   32   72   297    42       3395     225.86     142.45      14.40
   32   72   294   365        281      19.78      78.26      10.25
   32   72   365   501        540      60.71      46.96       8.12
   32   72   468    69       1940      91.34     210.39      18.94
   32   72   483   169      15265     839.92     204.24      17.93
   32   72   548   492      56327    6435.46      54.54       8.74
   32   72   682   165        488      19.43     173.61      16.18
   32   72   834    37       1467     135.60      82.80      10.21
   32   72   841   308        139      10.25      56.67       8.03
   32   72   901   188       9517    1259.54      49.47       7.52
   32   72   909   400        857     135.35      29.32       6.12
   32   72   936    61        777      98.13      44.06       7.47
   32   72   930   105       3361     484.78      43.43       6.84
   32   72  1009   136       5278     943.60      27.45       5.56
   33   71   774   395        220      13.02      46.66      13.31
   33   71   911   409        156      22.30      29.66       5.66
   34   74   817     2     213756    5574.51     114.30      38.32
   34   74   817     3        918      20.97     114.30      38.32
   34   74   817     4       1405      33.68     114.30      38.32
   34   74   817     5       1815      44.38     114.30      38.32
   34   74   817     6      22609     586.95     114.30      38.32
   34   74   988   269        562      87.98      28.81       6.06
   35   73    28   235      10663    2005.64      25.52       5.30
   35   73   290   337       1795     132.21     115.41      12.70
   36   76     9    69        828      67.43      72.28      11.21
   36   76    42   374        336      33.95      55.08       8.27
   36   76    75   127        603      33.62     117.00      14.46
   36   76    94   482       8540    1393.34      34.76       6.10
   36   76   155    13       1867      60.15     178.57      28.07
   36   76   226   319      19281    1015.57     191.48      18.80
   36   76   244   364       9383     605.52     149.44      15.25
   36   76   259   255        535      12.92     253.70      21.77
   36   76   311   419       1156      71.84     125.41      14.34
   36   76   345   109       1332      35.22     367.27      27.39
   36   76   347   224      99652    4119.45     305.13      24.12
   36   76   367   155       1183      25.82     390.06      30.71
   36   76   421   379       8725     398.53     237.44      21.30
   36   76   433   419        331       9.27     165.64      17.84
   36   76   466    54       4933     123.70     502.26      35.82
   36   76   452   362       2361      93.14     250.13      22.66
   36   76   568   438       6030     304.26     186.20      19.21
   36   76   753   166       5284     159.40     314.64      31.17
   36   76   768   346      98764    5509.55     156.46      17.90
   37   75    21   427         60       8.42      21.04       4.63
   37   75    31   493        133      27.19      16.69       4.28
   37   75    74    22        334      19.56      73.63      13.31
   37   75    64   256        203      16.89      54.25       8.81
   37   75   235    40        520       9.30     264.53      27.48
   37   75   341   307        727      20.96     242.35      23.12
   37   75   510   200        676       8.02     413.97      32.67
   37   75   637    41        951      19.50     375.22      29.53
   37   75   646    87       6969     224.88     347.05      29.45
   37   75   723   411        337      10.89     147.95      17.36
   37   75   809    56       1092      42.73     216.31      20.49
   37   75   985   318       5349     533.49      61.87       9.91
   39   77   542   123     366545    8477.61     587.57      43.17
   39   77   690   357       2516      93.34     252.24      24.25
   39   77   841   352       5394     309.98     151.90      16.91
   41   79    81   473       4253     730.93      30.05       5.78
   41   79   450   509       6558     281.09     170.04      22.73
   42   60   230   423        421      13.14     159.65      19.89
   42   60   390   468        407      10.79     186.80      20.41
   42   60   561   351       1104      10.35     606.49      48.05
   42   60   826   511       2037     176.14      61.83      11.21
   42   60   905   233        222       9.60      93.59      13.38
   43   61    48   244       1803     229.31      40.05       7.69
   43   61    77   297        316      32.42      48.54       8.25
   43   61    99   126        291      12.64      99.68      15.13
   43   61   280   162       2420      45.44     430.89      43.77
   43   61   272   297        587       9.54     290.06      31.13
   43   61   306   234        918      11.43     447.70      41.14
   43   61   369   196       3078      41.18     688.12      58.04
   43   61   632   171       2670      41.51     644.21      48.80
   43   61   955   480       7190     927.26      44.48       7.71
   43   61   962   379       3824     175.53      70.86      21.38
   44   56    41   117        515     133.46      13.78       3.76
   44   56    58   252         88      21.95      11.88       3.47
   44   56    63   477        218     104.57       4.14       2.05
   44   56    72    63        186      35.43      19.72       4.69
   44   56    88   218        274      58.86      18.42       4.34
   44   56    76   358         45      11.48      10.32       3.02
   44   56   237   321     555854   87945.38      32.82       6.32
   44   56   271   126        364      18.67      59.44      16.31
   44   56   272   259        403      28.19      44.78      12.71
   44   56   287   284        365      25.20      44.78      12.71
   44   56   259   393        788     104.83      22.36       7.30
   44   56   283   496       3348     850.89       9.85       3.92
   44   56   326    11        244      13.16      78.05      12.61
   44   56   380   185        204      13.39      79.58       9.29
   44   56   454   394        830     126.03      37.47       6.29
   44   56   499   204       2450     202.44     107.45      11.57
   44   56   532    63        510      10.39     157.27      33.94
   44   56   542   343        965     108.70      66.17       8.27
   44   56   625   246        388      22.52     104.51      12.59
   44   56   639   438        292      41.11      32.97       6.30
   44   56   621   494        120      21.46      17.29       4.79
   44   56   640   280      24604    2345.17      81.65      10.46
   44   56   741   125        342      25.77      67.87      10.64
   44   56   786    51        347      34.41      53.02       8.54
   44   56   805   372         83      15.82      16.74       4.19
   44   56   806   498        297     109.43       7.22       2.65
   44   56   880   227         71      15.08      14.18       3.77
   44   56   895   331        848     254.87      10.56       3.29
   44   56   888   425       4213    1686.09       6.46       2.49
   44   56   910   115         56      11.91      11.82       3.71
   44   56   971   121        358     141.30       6.47       2.49
   44   56   964   215        143      60.20       5.36       2.29
   45   59   283   235       1324     188.47      40.52       6.81
   45   59   358    62        664      33.18     129.22      16.12
   45   59   520    52        153       9.14      68.67       9.23
   45   59   526   259       2489     266.22      73.21       9.07
   45   59   742   244      20011    2741.73      49.18       7.28
   45   59   773   331      22945    3942.33      31.10       5.81
   46   58   934   142      22799    2945.74      42.74       7.73
   47   57    23   156        402      82.49      20.29       4.63
   47   57    22   208         58       8.92      17.45       4.55
   47   57     8   229       1461     346.11      17.85       4.17
   47   57     9   232        898     211.09      17.85       4.17
   47   57    24   478         84      24.49       9.02       3.06
   47   57    22   502        302     106.27       7.64       2.77
   47   57    37    26        513      58.18      33.64       8.24
   47   57    40    20        492      55.63      33.64       8.24
   47   57    50   132        201      26.59      30.91       6.40
   47   57    40   453         85      23.03      11.90       3.17
   47   57    90    58        200      10.60      46.46      14.48
   47   57    90   368        337      37.26      24.86       8.38
   47   57    77   471         82      10.90      16.47       6.01
   47   57    87   493        115      19.84      12.99       5.14
   47   57   112    75        590      46.85      70.72      11.08
   47   57   151   335       8192     830.95      59.93       9.79
   47   57   158   399        110       8.61      43.74       7.70
   47   57   168   331      21041    1756.12      81.89      11.93
   47   57   180   380        633      50.75      71.51      11.06
   47   57   212   109       4034     144.39     198.98      26.56
   47   57   254   147      14017     472.98     259.32      29.09
   47   57   285   209        634      11.46     293.16      29.74
   47   57   287   297       1968      77.26     210.06      22.75
   47   57   333   319        645      11.61     308.90      28.94
   47   57   351   332        530      11.25     263.46      23.68
   47   57   387    39       2979      32.24     923.76      63.74
   47   57   424   216       1099      12.59     589.00      40.52
   47   57   430   389        718      19.43     246.64      24.27
   47   57   416   473        858      39.53     151.86      17.86
   47   57   448   117       1208       9.49     686.12      55.00
   47   57   470   171       4278      83.81     636.42      43.45
   47   57   451   439     187995    8552.51     202.02      21.96
   47   57   489   400        488       9.88     257.68      23.32
   47   57   515   495        518      24.20     112.00      16.78
   47   57   549   103       2579      55.80     539.66      36.55
   47   57   546   162       1129      15.94     528.60      37.66
   47   57   582   106       1087      16.15     505.92      35.99
   47   57   600   190       2422      54.60     486.68      35.45
   47   57   620   497        679      40.88      98.18      14.21
   47   57   677   442        677      27.66     153.09      18.94
   47   57   757   232       5473     213.07     296.76      24.29
   47   57   794   325       2316     105.74     202.43      19.99
   47   57   800   100       2707     101.56     265.19      24.04
   47   57   804   269       8279     425.74     222.17      18.92
   47   57   824   468        823      66.89      77.73      11.14
   47   57   851   168        457      11.26     216.53      21.36
   47   57   875   408      10106     831.32      92.11      12.05
   47   57   917   214        517      23.14     137.72      16.39
   47   57   927   293        394      19.30     114.72      14.47
   47   57   973    62        246      13.61      75.93      12.49
   47   57   960   228       3649     306.92      64.00      11.68
